maxsimulationtime=1000	models=Centroid	sdr=0.05	leadersmodeloffset=0.0,0.0,	locationinitializer=random initializer	bias=0.0	scale=1.0	distribution=jsc.distributions.Uniform	params=0.0,1.0,	bias=0.0	scale=1.0	distribution=jsc.distributions.Uniform	params=0.0,1.0,	maps=squarereflect	width=500	height=500	rangealgorithms=NullPowerAlgorithm	groupsizes=10,	bias=0.0	scale=1.0	distribution=jsc.distributions.Uniform	params=0.0,1.0,	bias=0.0	scale=1.0	distribution=jsc.distributions.Uniform	params=0.0,1.0,	selected=random initializer	width=500	height=500	selected=squarereflect	selected=NullPowerAlgorithm	maxspeed=10	minspeed=5	maxpausetime=10	selected=Random WayPoint	maxinitialdistance=30	extratraces=true	pergrouprange=false	adr=0.05	nodenumber=5	defaultfilter=edu.sharif.ce.dml.common.data.trace.filter.DirectoryFilter	fileaddress=output	isinput=false	multiple=false	filenamegenerator=simple	seed=outputtrace	numberiterate=true	tracewriter=text
Time	Node	PositionX	PositionY	Speed	Direction Angle	Range	GroupNumber	Is Leader
1	0	56	364	5079	0022	0	0	true
1	1	66	376	5075	3095	0	0	false
1	2	31	359	5091	0018	0	0	false
1	3	70	374	5065	3078	0	0	false
1	4	80	368	5068	3027	0	0	false
2	0	61	365	5079	0022	0	0	true
2	1	62	372	5057	401	0	0	false
2	2	37	360	506	0018	0	0	false
2	3	65	371	5084	3088	0	0	false
2	4	74	367	5061	3026	0	0	false
3	0	67	367	5079	0022	0	0	true
3	1	59	367	5056	4044	0	0	false
3	2	43	361	5071	0019	0	0	false
3	3	61	367	5081	4008	0	0	false
3	4	68	367	6006	3024	0	0	false
4	0	72	368	5079	0022	0	0	true
4	1	58	362	5079	5042	0	0	false
4	2	48	362	6004	0019	0	0	false
4	3	57	362	5093	4084	0	0	false
4	4	62	366	5075	3019	0	0	false
5	0	78	369	5079	0022	0	0	true
5	1	61	357	5092	0018	0	0	false
5	2	54	363	5072	002	0	0	false
5	3	58	356	5075	003	0	0	false
5	4	57	366	5066	2083	0	0	false
6	0	84	371	5079	0022	0	0	true
6	1	67	358	507	0022	0	0	false
6	2	60	364	5095	002	0	0	false
6	3	64	358	5052	0022	0	0	false
6	4	51	368	5092	0005	0	0	false
7	0	89	372	5079	0022	0	0	true
7	1	73	360	5075	0022	0	0	false
7	2	66	366	5067	002	0	0	false
7	3	69	359	5051	0022	0	0	false
7	4	57	368	6001	0017	0	0	false
8	0	95	373	5079	0022	0	0	true
8	1	78	361	5059	0022	0	0	false
8	2	71	367	5061	002	0	0	false
8	3	74	360	5096	0022	0	0	false
8	4	63	369	5087	0021	0	0	false
9	0	101	374	5079	0022	0	0	true
9	1	84	362	6007	0022	0	0	false
9	2	77	368	5073	0021	0	0	false
9	3	80	362	5072	0022	0	0	false
9	4	69	370	5061	0022	0	0	false
10	0	106	376	5079	0022	0	0	true
10	1	90	364	5093	0022	0	0	false
10	2	82	369	5071	0021	0	0	false
10	3	86	363	5081	0022	0	0	false
10	4	74	371	5072	0022	0	0	false
11	0	112	377	5079	0022	0	0	true
11	1	95	365	5094	0022	0	0	false
11	2	88	370	5085	0021	0	0	false
11	3	92	364	6004	0022	0	0	false
11	4	80	373	5057	0022	0	0	false
12	0	113	377	5079	0022	0	0	true
12	1	101	366	507	0022	0	0	false
12	2	94	371	5065	0021	0	0	false
12	3	97	366	5066	0022	0	0	false
12	4	85	374	6001	0022	0	0	false
13	0	113	377	5079	0022	0	0	true
13	1	107	367	5074	3036	0	0	false
13	2	99	373	6004	0021	0	0	false
13	3	103	367	5056	3036	0	0	false
13	4	91	375	6003	3036	0	0	false
14	0	120	378	7002	0018	0	0	true
14	1	101	366	7022	0026	0	0	false
14	2	105	374	7029	0018	0	0	false
14	3	97	366	703	0028	0	0	false
14	4	85	374	7005	003	0	0	false
15	0	126	380	7002	0018	0	0	true
15	1	108	368	6082	0018	0	0	false
15	2	112	375	7021	0018	0	0	false
15	3	105	368	7005	0018	0	0	false
15	4	92	376	608	0022	0	0	false
16	0	133	381	7002	0018	0	0	true
16	1	115	369	6089	0018	0	0	false
16	2	119	376	6075	0018	0	0	false
16	3	111	369	7009	0018	0	0	false
16	4	99	378	7024	0019	0	0	false
17	0	140	382	7002	0018	0	0	true
17	1	122	370	6095	0018	0	0	false
17	2	126	378	7013	0018	0	0	false
17	3	118	370	6076	0018	0	0	false
17	4	106	379	703	0018	0	0	false
18	0	147	383	7002	0018	0	0	true
18	1	129	372	7023	0018	0	0	false
18	2	133	379	7031	0018	0	0	false
18	3	125	371	7026	0018	0	0	false
18	4	113	380	6093	0018	0	0	false
19	0	154	385	7002	0018	0	0	true
19	1	136	373	7015	0018	0	0	false
19	2	140	380	6096	0018	0	0	false
19	3	132	373	7013	0018	0	0	false
19	4	120	381	6068	0018	0	0	false
20	0	161	386	7002	0018	0	0	true
20	1	143	374	7011	0018	0	0	false
20	2	147	381	7022	0018	0	0	false
20	3	139	374	7017	0018	0	0	false
20	4	126	383	6075	0018	0	0	false
21	0	168	387	7002	0018	0	0	true
21	1	150	376	6094	0018	0	0	false
21	2	154	383	6075	0018	0	0	false
21	3	146	375	7021	0018	0	0	false
21	4	133	384	6072	0018	0	0	false
22	0	175	388	7002	0018	0	0	true
22	1	157	377	7001	0018	0	0	false
22	2	161	384	7019	0018	0	0	false
22	3	153	376	7002	0018	0	0	false
22	4	140	385	7005	0018	0	0	false
23	0	182	389	7002	0018	0	0	true
23	1	163	378	7035	0018	0	0	false
23	2	168	385	7018	0018	0	0	false
23	3	160	378	7002	0018	0	0	false
23	4	146	386	7019	0018	0	0	false
24	0	189	391	7002	0018	0	0	true
24	1	171	379	6084	0018	0	0	false
24	2	175	386	6083	0018	0	0	false
24	3	167	379	6095	0018	0	0	false
24	4	154	387	6093	0018	0	0	false
25	0	196	392	7002	0018	0	0	true
25	1	177	380	6077	0018	0	0	false
25	2	182	388	702	0018	0	0	false
25	3	174	380	7022	0018	0	0	false
25	4	160	389	6081	0018	0	0	false
26	0	202	393	7002	0018	0	0	true
26	1	184	382	7019	0018	0	0	false
26	2	189	389	6069	0018	0	0	false
26	3	181	381	6094	0018	0	0	false
26	4	167	390	6086	0018	0	0	false
27	0	209	394	7002	0018	0	0	true
27	1	191	383	6078	0018	0	0	false
27	2	195	390	6077	0018	0	0	false
27	3	188	383	7	0018	0	0	false
27	4	174	391	7	0018	0	0	false
28	0	216	396	7002	0018	0	0	true
28	1	198	384	6097	0018	0	0	false
28	2	202	391	6079	0018	0	0	false
28	3	195	384	7017	0018	0	0	false
28	4	181	392	6093	0018	0	0	false
29	0	223	397	7002	0018	0	0	true
29	1	205	385	7017	0018	0	0	false
29	2	209	392	7036	0018	0	0	false
29	3	202	385	7028	0018	0	0	false
29	4	188	394	6092	0018	0	0	false
30	0	226	397	7002	0018	0	0	true
30	1	212	387	6069	0018	0	0	false
30	2	216	394	6067	0018	0	0	false
30	3	209	386	6067	0018	0	0	false
30	4	194	395	6092	0018	0	0	false
31	0	226	397	7002	0018	0	0	true
31	1	218	388	7006	3032	0	0	false
31	2	223	395	7023	0018	0	0	false
31	3	216	388	6099	3032	0	0	false
31	4	201	396	702	0018	0	0	false
32	0	226	397	7002	0018	0	0	true
32	1	211	387	6073	0018	0	0	false
32	2	230	396	7022	0018	0	0	false
32	3	209	386	607	0018	0	0	false
32	4	208	397	7028	3032	0	0	false
33	0	226	397	7002	0018	0	0	true
33	1	218	388	7017	3032	0	0	false
33	2	237	397	6093	0018	0	0	false
33	3	215	388	6075	3032	0	0	false
33	4	201	396	7007	0018	0	0	false
34	0	226	397	7002	0018	0	0	true
34	1	211	386	7006	0018	0	0	false
34	2	244	399	7004	0018	0	0	false
34	3	209	386	6089	0018	0	0	false
34	4	208	397	7014	3032	0	0	false
35	0	226	397	7002	0018	0	0	true
35	1	218	388	7032	3032	0	0	false
35	2	251	400	7007	0018	0	0	false
35	3	216	388	6092	3032	0	0	false
35	4	201	396	7001	0018	0	0	false
36	0	226	397	7002	0018	0	0	true
36	1	211	386	6078	0018	0	0	false
36	2	258	401	7035	3032	0	0	false
36	3	209	386	6083	0018	0	0	false
36	4	208	397	7029	3032	0	0	false
37	0	226	397	7002	0018	0	0	true
37	1	217	388	7024	3032	0	0	false
37	2	250	400	7002	0018	0	0	false
37	3	215	388	607	3032	0	0	false
37	4	201	396	6075	0018	0	0	false
38	0	219	397	7036	3018	0	0	true
38	1	210	386	7036	0074	0	0	false
38	2	257	401	7067	3019	0	0	false
38	3	209	386	706	0063	0	0	false
38	4	207	397	7049	6023	0	0	false
39	0	212	397	7036	3018	0	0	true
39	1	216	391	7062	1003	0	0	false
39	2	250	401	704	3019	0	0	false
39	3	215	391	7065	0085	0	0	false
39	4	215	397	7062	6019	0	0	false
40	0	204	397	7036	3018	0	0	true
40	1	220	398	7018	1092	0	0	false
40	2	242	400	7063	3019	0	0	false
40	3	220	397	7013	1053	0	0	false
40	4	222	396	7063	6005	0	0	false
41	0	197	396	7036	3018	0	0	true
41	1	217	405	7035	3008	0	0	false
41	2	235	400	7005	3018	0	0	false
41	3	220	404	707	2099	0	0	false
41	4	230	394	7042	3013	0	0	false
42	0	189	396	7036	3018	0	0	true
42	1	210	405	7069	3017	0	0	false
42	2	228	400	7066	3018	0	0	false
42	3	213	405	7052	3018	0	0	false
42	4	222	394	7047	3017	0	0	false
43	0	182	396	7036	3018	0	0	true
43	1	202	405	7071	3018	0	0	false
43	2	220	400	7067	3018	0	0	false
43	3	205	405	704	3018	0	0	false
43	4	215	394	7021	3018	0	0	false
44	0	175	396	7036	3018	0	0	true
44	1	194	404	704	3018	0	0	false
44	2	212	399	7018	3018	0	0	false
44	3	198	404	7029	3018	0	0	false
44	4	208	394	7022	3018	0	0	false
45	0	167	395	7036	3018	0	0	true
45	1	187	404	7019	3018	0	0	false
45	2	205	399	7026	3018	0	0	false
45	3	190	404	7059	3018	0	0	false
45	4	201	394	7065	3018	0	0	false
46	0	160	395	7036	3018	0	0	true
46	1	180	404	7003	3018	0	0	false
46	2	198	399	7002	3018	0	0	false
46	3	183	404	704	3018	0	0	false
46	4	193	393	7059	3018	0	0	false
47	0	153	395	7036	3018	0	0	true
47	1	173	404	7	3018	0	0	false
47	2	191	398	7026	3018	0	0	false
47	3	175	404	7005	3018	0	0	false
47	4	185	393	7025	3018	0	0	false
48	0	145	395	7036	3018	0	0	true
48	1	166	403	7012	3018	0	0	false
48	2	183	398	7007	3018	0	0	false
48	3	168	403	7059	3018	0	0	false
48	4	178	393	7032	3018	0	0	false
49	0	138	394	7036	3018	0	0	true
49	1	159	403	7024	3018	0	0	false
49	2	176	398	7055	3018	0	0	false
49	3	161	403	7027	3018	0	0	false
49	4	171	393	7009	3018	0	0	false
50	0	131	394	7036	3018	0	0	true
50	1	151	403	7026	3018	0	0	false
50	2	169	398	7024	3018	0	0	false
50	3	154	403	7054	3018	0	0	false
50	4	164	392	7001	3018	0	0	false
51	0	123	394	7036	3018	0	0	true
51	1	144	403	7037	3018	0	0	false
51	2	162	397	7003	3018	0	0	false
51	3	146	403	7063	3018	0	0	false
51	4	157	392	7058	3018	0	0	false
52	0	116	394	7036	3018	0	0	true
52	1	137	402	7028	3018	0	0	false
52	2	155	397	7027	3018	0	0	false
52	3	138	402	7029	3018	0	0	false
52	4	149	392	7036	3018	0	0	false
53	0	109	393	7036	3018	0	0	true
53	1	130	402	7061	3018	0	0	false
53	2	147	397	7055	3018	0	0	false
53	3	131	402	7007	3018	0	0	false
53	4	142	392	707	3018	0	0	false
54	0	101	393	7036	3018	0	0	true
54	1	122	402	7047	3018	0	0	false
54	2	140	396	7009	3018	0	0	false
54	3	124	402	7003	3018	0	0	false
54	4	134	391	7039	3018	0	0	false
55	0	94	393	7036	3018	0	0	true
55	1	115	402	7008	3018	0	0	false
55	2	133	396	7046	3018	0	0	false
55	3	117	402	7023	3018	0	0	false
55	4	127	391	7003	3018	0	0	false
56	0	86	393	7036	3018	0	0	true
56	1	107	401	7015	3018	0	0	false
56	2	125	396	7035	3018	0	0	false
56	3	110	401	7017	3018	0	0	false
56	4	120	391	7031	3018	0	0	false
57	0	79	392	7036	3018	0	0	true
57	1	100	401	7052	3018	0	0	false
57	2	118	396	7046	3018	0	0	false
57	3	103	401	7059	3018	0	0	false
57	4	112	391	7064	3018	0	0	false
58	0	72	392	7036	3018	0	0	true
58	1	93	401	7011	3018	0	0	false
58	2	110	395	7011	3018	0	0	false
58	3	95	401	7036	3018	0	0	false
58	4	105	390	703	3018	0	0	false
59	0	64	392	7036	3018	0	0	true
59	1	86	401	7062	3018	0	0	false
59	2	103	395	7027	3018	0	0	false
59	3	88	401	7011	3018	0	0	false
59	4	97	390	7035	3018	0	0	false
60	0	57	392	7036	3018	0	0	true
60	1	78	400	7035	3018	0	0	false
60	2	96	395	7046	3018	0	0	false
60	3	81	400	7037	3018	0	0	false
60	4	90	390	7017	3018	0	0	false
61	0	50	391	7036	3018	0	0	true
61	1	71	400	7058	3018	0	0	false
61	2	89	395	7025	3018	0	0	false
61	3	73	400	7007	3018	0	0	false
61	4	83	389	7003	3018	0	0	false
62	0	42	391	7036	3018	0	0	true
62	1	63	400	7058	3018	0	0	false
62	2	81	394	703	3018	0	0	false
62	3	66	400	7046	3018	0	0	false
62	4	76	389	7049	3018	0	0	false
63	0	35	391	7036	3018	0	0	true
63	1	56	400	7004	3018	0	0	false
63	2	74	394	7012	3018	0	0	false
63	3	59	400	7071	3018	0	0	false
63	4	68	389	706	3018	0	0	false
64	0	28	391	7036	3018	0	0	true
64	1	49	399	7062	3018	0	0	false
64	2	67	394	702	3018	0	0	false
64	3	51	399	7071	3018	0	0	false
64	4	61	389	7012	3018	0	0	false
65	0	23	390	7036	3018	0	0	true
65	1	41	399	7057	3018	0	0	false
65	2	60	394	7051	3018	0	0	false
65	3	43	399	7016	3018	0	0	false
65	4	54	388	7018	3018	0	0	false
66	0	23	390	7036	3018	0	0	true
66	1	33	399	7008	0003	0	0	false
66	2	52	393	7014	3018	0	0	false
66	3	36	399	7028	0003	0	0	false
66	4	46	388	7061	0003	0	0	false
67	0	23	390	7036	3018	0	0	true
67	1	40	399	7052	3018	0	0	false
67	2	45	393	7059	3018	0	0	false
67	3	43	399	7038	3018	0	0	false
67	4	54	388	7063	3018	0	0	false
68	0	27	395	6053	0085	0	0	true
68	1	33	399	6076	4031	0	0	false
68	2	38	393	6086	1021	0	0	false
68	3	36	399	6023	4014	0	0	false
68	4	46	388	6059	3038	0	0	false
69	0	32	400	6053	0085	0	0	true
69	1	30	393	6027	4058	0	0	false
69	2	40	399	6085	101	0	0	false
69	3	33	394	6022	4021	0	0	false
69	4	40	387	6033	3024	0	0	false
70	0	36	405	6053	0085	0	0	true
70	1	29	386	604	0071	0	0	false
70	2	43	405	6038	1002	0	0	false
70	3	30	388	6049	5097	0	0	false
70	4	34	386	604	2096	0	0	false
71	0	40	410	6053	0085	0	0	true
71	1	34	391	6077	0087	0	0	false
71	2	47	411	6041	0096	0	0	false
71	3	36	386	6081	1064	0	0	false
71	4	27	387	6084	2025	0	0	false
72	0	45	415	6053	0085	0	0	true
72	1	39	396	6026	0084	0	0	false
72	2	50	416	6083	0092	0	0	false
72	3	35	393	6045	0081	0	0	false
72	4	23	392	6042	1009	0	0	false
73	0	49	420	6053	0085	0	0	true
73	1	43	400	6083	0085	0	0	false
73	2	54	421	6051	009	0	0	false
73	3	40	397	6078	0085	0	0	false
73	4	26	398	6047	0087	0	0	false
74	0	53	425	6053	0085	0	0	true
74	1	47	406	6084	0085	0	0	false
74	2	58	427	6041	0088	0	0	false
74	3	44	403	6056	0085	0	0	false
74	4	30	403	6069	0085	0	0	false
75	0	58	430	6053	0085	0	0	true
75	1	52	411	6021	0085	0	0	false
75	2	62	431	6037	0087	0	0	false
75	3	49	408	6063	0085	0	0	false
75	4	35	408	603	0085	0	0	false
76	0	62	435	6053	0085	0	0	true
76	1	56	415	6048	0085	0	0	false
76	2	66	436	6032	0086	0	0	false
76	3	53	412	6063	0085	0	0	false
76	4	39	413	6058	0085	0	0	false
77	0	66	439	6053	0085	0	0	true
77	1	60	420	6055	0085	0	0	false
77	2	71	441	605	0086	0	0	false
77	3	57	417	603	0085	0	0	false
77	4	43	418	6024	0085	0	0	false
78	0	71	444	6053	0085	0	0	true
78	1	65	425	605	0085	0	0	false
78	2	75	446	6084	0086	0	0	false
78	3	62	422	6065	0085	0	0	false
78	4	47	422	6081	0085	0	0	false
79	0	75	449	6053	0085	0	0	true
79	1	69	430	6035	0085	0	0	false
79	2	79	451	6063	0085	0	0	false
79	3	66	427	6073	0085	0	0	false
79	4	52	428	6025	0085	0	0	false
80	0	79	454	6053	0085	0	0	true
80	1	73	435	6065	0085	0	0	false
80	2	84	456	6071	0085	0	0	false
80	3	70	432	6073	0085	0	0	false
80	4	56	432	6079	0085	0	0	false
81	0	84	459	6053	0085	0	0	true
81	1	77	440	6071	0085	0	0	false
81	2	88	461	6085	0085	0	0	false
81	3	75	437	6047	0085	0	0	false
81	4	60	437	604	0085	0	0	false
82	0	88	464	6053	0085	0	0	true
82	1	82	445	6034	0085	0	0	false
82	2	93	466	6046	0085	0	0	false
82	3	79	442	6027	0085	0	0	false
82	4	65	442	6034	0085	0	0	false
83	0	92	469	6053	0085	0	0	true
83	1	86	450	6032	0085	0	0	false
83	2	97	471	6026	0085	0	0	false
83	3	83	447	6035	0085	0	0	false
83	4	69	447	6076	0085	0	0	false
84	0	97	474	6053	0085	0	0	true
84	1	90	454	6078	0085	0	0	false
84	2	101	476	6057	0085	0	0	false
84	3	87	452	6049	0085	0	0	false
84	4	73	452	6076	0085	0	0	false
85	0	101	479	6053	0085	0	0	true
85	1	95	459	6083	0085	0	0	false
85	2	105	481	6028	0085	0	0	false
85	3	92	456	6035	0085	0	0	false
85	4	78	457	6053	0085	0	0	false
86	0	105	484	6053	0085	0	0	true
86	1	99	465	6031	0085	0	0	false
86	2	110	486	6062	0085	0	0	false
86	3	96	461	6034	0085	0	0	false
86	4	82	462	6025	0085	0	0	false
87	0	110	488	6053	0085	0	0	true
87	1	103	469	6033	0085	0	0	false
87	2	114	491	6074	0085	0	0	false
87	3	100	466	6066	0085	0	0	false
87	4	86	467	6079	0085	0	0	false
88	0	113	493	6053	0085	0	0	true
88	1	108	474	6062	0085	0	0	false
88	2	118	496	6054	0085	0	0	false
88	3	105	471	6043	0085	0	0	false
88	4	91	472	6061	0085	0	0	false
89	0	113	493	6053	0085	0	0	true
89	1	112	479	6068	3099	0	0	false
89	2	123	498	6056	0095	0	0	false
89	3	109	476	6027	3099	0	0	false
89	4	95	477	6076	3099	0	0	false
90	0	113	493	6053	0085	0	0	true
90	1	108	474	6068	0085	0	0	false
90	2	127	495	6023	1028	0	0	false
90	3	105	471	6036	0085	0	0	false
90	4	91	472	6032	0085	0	0	false
91	0	113	493	6053	0085	0	0	true
91	1	112	479	6038	3099	0	0	false
91	2	128	498	6024	1036	0	0	false
91	3	109	476	6066	3099	0	0	false
91	4	95	476	6036	0085	0	0	false
92	0	113	493	6053	0085	0	0	true
92	1	108	474	6044	0085	0	0	false
92	2	130	495	6027	1048	0	0	false
92	3	104	471	6027	0085	0	0	false
92	4	99	481	6043	3099	0	0	false
93	0	113	493	6053	0085	0	0	true
93	1	112	479	6029	3099	0	0	false
93	2	130	498	6086	1051	0	0	false
93	3	109	476	6056	3099	0	0	false
93	4	95	476	6065	0085	0	0	false
94	0	113	493	6053	0085	0	0	true
94	1	108	474	6024	0085	0	0	false
94	2	131	494	6051	1055	0	0	false
94	3	104	471	6055	0085	0	0	false
94	4	99	481	6049	3099	0	0	false
95	0	122	488	907	5076	0	0	true
95	1	112	479	9073	2015	0	0	false
95	2	131	498	9044	5015	0	0	false
95	3	109	476	9035	1092	0	0	false
95	4	95	476	907	103	0	0	false
96	0	130	483	907	5076	0	0	true
96	1	107	487	9046	5078	0	0	false
96	2	135	489	9063	5037	0	0	false
96	3	105	484	9094	0003	0	0	false
96	4	98	486	9079	0074	0	0	false
97	0	138	478	907	5076	0	0	true
97	1	115	483	1001	5075	0	0	false
97	2	141	482	9026	5051	0	0	false
97	3	115	485	9026	5049	0	0	false
97	4	105	492	10017	0004	0	0	false
98	0	147	473	907	5076	0	0	true
98	1	124	477	10003	5076	0	0	false
98	2	147	475	9038	506	0	0	false
98	3	122	478	10015	5083	0	0	false
98	4	115	493	9095	5092	0	0	false
99	0	155	468	907	5076	0	0	true
99	1	132	472	9089	5076	0	0	false
99	2	155	469	9068	5066	0	0	false
99	3	131	474	9022	5073	0	0	false
99	4	124	489	10014	508	0	0	false
100	0	164	463	907	5076	0	0	true
100	1	141	467	9048	5076	0	0	false
100	2	162	464	10008	507	0	0	false
100	3	139	469	10016	5076	0	0	false
100	4	133	485	9071	5077	0	0	false
101	0	172	459	907	5076	0	0	true
101	1	149	463	9044	5076	0	0	false
101	2	171	458	9064	5072	0	0	false
101	3	148	464	9096	5075	0	0	false
101	4	142	480	9093	5076	0	0	false
102	0	180	454	907	5076	0	0	true
102	1	157	458	9052	5076	0	0	false
102	2	179	453	9087	5073	0	0	false
102	3	156	459	9093	5076	0	0	false
102	4	150	475	10004	5076	0	0	false
103	0	189	449	907	5076	0	0	true
103	1	165	453	9033	5076	0	0	false
103	2	187	448	9038	5074	0	0	false
103	3	165	454	9093	5075	0	0	false
103	4	159	470	9054	5076	0	0	false
104	0	197	444	907	5076	0	0	true
104	1	173	448	10009	5076	0	0	false
104	2	195	443	9057	5075	0	0	false
104	3	173	449	9044	5076	0	0	false
104	4	167	465	10004	5076	0	0	false
105	0	205	439	907	5076	0	0	true
105	1	182	443	9055	5076	0	0	false
105	2	204	438	9039	5075	0	0	false
105	3	182	444	9042	5076	0	0	false
105	4	176	460	9093	5076	0	0	false
106	0	214	434	907	5076	0	0	true
106	1	190	438	9091	5076	0	0	false
106	2	212	433	10003	5075	0	0	false
106	3	190	439	9066	5076	0	0	false
106	4	184	455	904	5076	0	0	false
107	0	222	429	907	5076	0	0	true
107	1	199	433	1001	5076	0	0	false
107	2	220	428	9053	5075	0	0	false
107	3	198	434	9075	5076	0	0	false
107	4	193	450	9068	5076	0	0	false
108	0	231	424	907	5076	0	0	true
108	1	208	428	9042	5076	0	0	false
108	2	229	423	9035	5075	0	0	false
108	3	206	429	9052	5076	0	0	false
108	4	201	445	10001	5076	0	0	false
109	0	239	420	907	5076	0	0	true
109	1	216	424	10012	5076	0	0	false
109	2	237	419	9027	5075	0	0	false
109	3	215	425	9029	5076	0	0	false
109	4	210	440	9095	5076	0	0	false
110	0	247	415	907	5076	0	0	true
110	1	225	419	9035	5076	0	0	false
110	2	245	414	9097	5075	0	0	false
110	3	223	420	10002	5076	0	0	false
110	4	218	435	9044	5076	0	0	false
111	0	256	410	907	5076	0	0	true
111	1	233	414	9073	5076	0	0	false
111	2	253	409	9074	5075	0	0	false
111	3	231	415	9058	5076	0	0	false
111	4	226	430	9098	5076	0	0	false
112	0	264	405	907	5076	0	0	true
112	1	241	409	9037	5076	0	0	false
112	2	262	404	9029	5076	0	0	false
112	3	240	410	9042	5076	0	0	false
112	4	235	425	10016	5076	0	0	false
113	0	273	400	907	5076	0	0	true
113	1	249	404	9029	5076	0	0	false
113	2	270	399	9055	5076	0	0	false
113	3	248	405	906	5076	0	0	false
113	4	244	420	10017	5076	0	0	false
114	0	281	395	907	5076	0	0	true
114	1	257	400	904	5076	0	0	false
114	2	278	395	9038	5076	0	0	false
114	3	256	400	9075	5076	0	0	false
114	4	252	415	9062	5076	0	0	false
115	0	289	390	907	5076	0	0	true
115	1	265	395	9085	5076	0	0	false
115	2	286	390	908	5076	0	0	false
115	3	264	396	908	5076	0	0	false
115	4	261	410	9051	5076	0	0	false
116	0	298	385	907	5076	0	0	true
116	1	274	390	9078	5076	0	0	false
116	2	295	385	10014	5076	0	0	false
116	3	273	391	903	5076	0	0	false
116	4	269	406	10011	5076	0	0	false
117	0	306	380	907	5076	0	0	true
117	1	282	385	10011	5076	0	0	false
117	2	303	380	9026	5076	0	0	false
117	3	281	386	10011	5076	0	0	false
117	4	278	400	10006	5076	0	0	false
118	0	314	376	907	5076	0	0	true
118	1	291	380	9033	5076	0	0	false
118	2	311	375	9052	5076	0	0	false
118	3	290	381	9072	5076	0	0	false
118	4	286	395	10001	5076	0	0	false
119	0	323	371	907	5076	0	0	true
119	1	299	375	9076	5076	0	0	false
119	2	319	370	9054	5076	0	0	false
119	3	298	376	9051	5076	0	0	false
119	4	295	390	9073	5076	0	0	false
120	0	331	366	907	5076	0	0	true
120	1	307	370	9084	5076	0	0	false
120	2	328	366	9042	5076	0	0	false
120	3	306	371	9089	5076	0	0	false
120	4	303	385	10016	5076	0	0	false
121	0	340	361	907	5076	0	0	true
121	1	316	365	9023	5076	0	0	false
121	2	336	361	9064	5076	0	0	false
121	3	315	366	9041	5076	0	0	false
121	4	312	380	9033	5076	0	0	false
122	0	348	356	907	5076	0	0	true
122	1	324	361	9088	5076	0	0	false
122	2	344	356	9086	5076	0	0	false
122	3	323	361	9087	5076	0	0	false
122	4	320	376	10002	5076	0	0	false
123	0	356	351	907	5076	0	0	true
123	1	332	356	9061	5076	0	0	false
123	2	353	351	9035	5076	0	0	false
123	3	332	356	9042	5076	0	0	false
123	4	329	371	9078	5076	0	0	false
124	0	365	346	907	5076	0	0	true
124	1	341	351	9049	5076	0	0	false
124	2	361	346	9069	5076	0	0	false
124	3	340	352	10008	5076	0	0	false
124	4	337	366	9031	5076	0	0	false
125	0	373	341	907	5076	0	0	true
125	1	349	346	9078	5076	0	0	false
125	2	369	341	9094	5076	0	0	false
125	3	348	347	9089	5076	0	0	false
125	4	345	361	9031	5076	0	0	false
126	0	381	336	907	5076	0	0	true
126	1	357	341	9043	5076	0	0	false
126	2	378	336	9072	5076	0	0	false
126	3	357	342	9038	5076	0	0	false
126	4	353	356	9082	5076	0	0	false
127	0	390	332	907	5076	0	0	true
127	1	366	336	9098	5076	0	0	false
127	2	386	332	9099	5076	0	0	false
127	3	365	337	9036	5076	0	0	false
127	4	362	351	9026	5076	0	0	false
128	0	397	328	907	5076	0	0	true
128	1	374	331	10018	5076	0	0	false
128	2	395	327	9077	5076	0	0	false
128	3	373	332	9074	5076	0	0	false
128	4	370	347	10012	5076	0	0	false
129	0	397	328	907	5076	0	0	true
129	1	383	326	9067	2061	0	0	false
129	2	403	322	904	5076	0	0	false
129	3	382	327	9079	2061	0	0	false
129	4	379	342	9052	2061	0	0	false
130	0	397	328	907	5076	0	0	true
130	1	375	331	906	5076	0	0	false
130	2	411	317	9052	5076	0	0	false
130	3	373	332	9048	5076	0	0	false
130	4	370	346	909	5076	0	0	false
131	0	397	328	907	5076	0	0	true
131	1	383	326	9031	2061	0	0	false
131	2	420	312	10016	2061	0	0	false
131	3	381	327	9054	2061	0	0	false
131	4	379	341	9045	2061	0	0	false
132	0	397	328	907	5076	0	0	true
132	1	375	331	9083	5076	0	0	false
132	2	411	317	9032	5076	0	0	false
132	3	373	332	9072	5076	0	0	false
132	4	371	346	9026	5076	0	0	false
133	0	397	328	907	5076	0	0	true
133	1	383	326	903	2061	0	0	false
133	2	419	313	9024	2061	0	0	false
133	3	381	327	9093	2061	0	0	false
133	4	379	341	9066	2061	0	0	false
134	0	390	331	7056	2067	0	0	true
134	1	375	331	7034	0006	0	0	false
134	2	411	317	7089	2058	0	0	false
134	3	373	332	7021	6023	0	0	false
134	4	371	346	7029	5065	0	0	false
135	0	383	334	7056	2067	0	0	true
135	1	383	331	7069	003	0	0	false
135	2	404	321	7077	2059	0	0	false
135	3	380	332	7032	001	0	0	false
135	4	376	342	7038	5062	0	0	false
136	0	376	338	7056	2067	0	0	true
136	1	390	333	7092	1032	0	0	false
136	2	398	325	7028	206	0	0	false
136	3	387	333	703	0058	0	0	false
136	4	382	337	7054	5054	0	0	false
137	0	370	341	7056	2067	0	0	true
137	1	392	341	704	2091	0	0	false
137	2	391	329	7087	2062	0	0	false
137	3	393	337	7063	2051	0	0	false
137	4	388	332	7027	5013	0	0	false
138	0	363	345	7056	2067	0	0	true
138	1	385	343	7094	2067	0	0	false
138	2	384	333	7093	2062	0	0	false
138	3	387	341	7029	2069	0	0	false
138	4	391	326	7065	2053	0	0	false
139	0	356	348	7056	2067	0	0	true
139	1	378	346	704	2067	0	0	false
139	2	378	337	7034	2063	0	0	false
139	3	381	344	7077	2067	0	0	false
139	4	384	330	7038	2065	0	0	false
140	0	349	352	7056	2067	0	0	true
140	1	371	350	7045	2067	0	0	false
140	2	371	341	705	2064	0	0	false
140	3	374	348	7074	2067	0	0	false
140	4	378	334	7025	2067	0	0	false
141	0	343	355	7056	2067	0	0	true
141	1	364	353	7043	2067	0	0	false
141	2	365	344	702	2064	0	0	false
141	3	367	351	7059	2067	0	0	false
141	4	372	337	7061	2067	0	0	false
142	0	336	358	7056	2067	0	0	true
142	1	358	356	7033	2067	0	0	false
142	2	358	348	7031	2065	0	0	false
142	3	360	355	7023	2067	0	0	false
142	4	365	340	7061	2067	0	0	false
143	0	329	362	7056	2067	0	0	true
143	1	351	360	7022	2067	0	0	false
143	2	352	351	7042	2065	0	0	false
143	3	354	358	7058	2067	0	0	false
143	4	358	344	7032	2067	0	0	false
144	0	322	365	7056	2067	0	0	true
144	1	345	363	7047	2067	0	0	false
144	2	345	355	7085	2066	0	0	false
144	3	347	362	706	2067	0	0	false
144	4	351	347	7058	2067	0	0	false
145	0	316	369	7056	2067	0	0	true
145	1	338	366	7024	2067	0	0	false
145	2	338	358	7055	2066	0	0	false
145	3	340	365	7068	2067	0	0	false
145	4	345	351	7083	2067	0	0	false
146	0	309	372	7056	2067	0	0	true
146	1	332	369	7089	2067	0	0	false
146	2	332	362	7067	2066	0	0	false
146	3	333	368	7061	2067	0	0	false
146	4	338	354	7032	2067	0	0	false
147	0	302	375	7056	2067	0	0	true
147	1	325	373	7049	2067	0	0	false
147	2	325	365	7048	2066	0	0	false
147	3	326	372	7059	2067	0	0	false
147	4	331	357	7065	2067	0	0	false
148	0	295	379	7056	2067	0	0	true
148	1	318	376	7041	2067	0	0	false
148	2	318	369	7057	2066	0	0	false
148	3	320	375	704	2067	0	0	false
148	4	324	361	7065	2067	0	0	false
149	0	289	382	7056	2067	0	0	true
149	1	311	380	7034	2067	0	0	false
149	2	312	372	705	2067	0	0	false
149	3	313	379	7067	2067	0	0	false
149	4	317	364	7051	2067	0	0	false
150	0	282	386	7056	2067	0	0	true
150	1	305	383	7082	2067	0	0	false
150	2	305	376	7043	2067	0	0	false
150	3	306	382	709	2067	0	0	false
150	4	311	368	7026	2067	0	0	false
151	0	275	389	7056	2067	0	0	true
151	1	298	387	7072	2067	0	0	false
151	2	298	379	7073	2067	0	0	false
151	3	299	386	704	2067	0	0	false
151	4	304	371	7055	2067	0	0	false
152	0	268	392	7056	2067	0	0	true
152	1	291	390	7039	2067	0	0	false
152	2	291	383	7071	2067	0	0	false
152	3	293	389	7042	2067	0	0	false
152	4	298	374	7019	2067	0	0	false
153	0	261	396	7056	2067	0	0	true
153	1	284	393	7077	2067	0	0	false
153	2	284	386	7038	2067	0	0	false
153	3	286	392	7063	2067	0	0	false
153	4	291	378	7086	2067	0	0	false
154	0	255	399	7056	2067	0	0	true
154	1	277	397	7069	2067	0	0	false
154	2	278	389	7031	2067	0	0	false
154	3	279	396	7027	2067	0	0	false
154	4	284	381	7078	2067	0	0	false
155	0	248	403	7056	2067	0	0	true
155	1	271	400	7029	2067	0	0	false
155	2	271	393	7079	2067	0	0	false
155	3	273	399	703	2067	0	0	false
155	4	277	385	7043	2067	0	0	false
156	0	241	406	7056	2067	0	0	true
156	1	264	404	7039	2067	0	0	false
156	2	264	396	7067	2067	0	0	false
156	3	266	402	7082	2067	0	0	false
156	4	271	388	7087	2067	0	0	false
157	0	234	410	7056	2067	0	0	true
157	1	257	407	7073	2067	0	0	false
157	2	258	400	7039	2067	0	0	false
157	3	259	406	7023	2067	0	0	false
157	4	264	392	7067	2067	0	0	false
158	0	228	413	7056	2067	0	0	true
158	1	251	410	7055	2067	0	0	false
158	2	251	403	708	2067	0	0	false
158	3	253	409	7093	2067	0	0	false
158	4	257	395	7073	2067	0	0	false
159	0	221	416	7056	2067	0	0	true
159	1	244	414	7024	2067	0	0	false
159	2	244	407	7028	2067	0	0	false
159	3	246	413	7045	2067	0	0	false
159	4	250	398	7059	2067	0	0	false
160	0	214	420	7056	2067	0	0	true
160	1	237	417	7056	2067	0	0	false
160	2	238	410	7034	2067	0	0	false
160	3	239	416	7079	2067	0	0	false
160	4	243	402	7079	2067	0	0	false
161	0	207	423	7056	2067	0	0	true
161	1	231	421	7035	2067	0	0	false
161	2	231	413	7061	2067	0	0	false
161	3	232	420	7028	2067	0	0	false
161	4	236	405	7082	2067	0	0	false
162	0	201	427	7056	2067	0	0	true
162	1	224	424	706	2067	0	0	false
162	2	224	417	708	2067	0	0	false
162	3	226	423	7087	2067	0	0	false
162	4	229	409	7087	2067	0	0	false
163	0	194	430	7056	2067	0	0	true
163	1	217	427	7046	2067	0	0	false
163	2	217	420	7072	2067	0	0	false
163	3	218	426	7093	2067	0	0	false
163	4	222	412	7093	2067	0	0	false
164	0	187	433	7056	2067	0	0	true
164	1	211	431	7083	2067	0	0	false
164	2	210	424	7074	2067	0	0	false
164	3	211	430	7074	2067	0	0	false
164	4	215	416	7084	2067	0	0	false
165	0	180	437	7056	2067	0	0	true
165	1	204	434	7025	2067	0	0	false
165	2	204	427	7036	2067	0	0	false
165	3	204	433	7054	2067	0	0	false
165	4	208	420	708	2067	0	0	false
166	0	174	440	7056	2067	0	0	true
166	1	197	437	7057	2067	0	0	false
166	2	197	431	7028	2067	0	0	false
166	3	198	437	7037	2067	0	0	false
166	4	201	423	7024	2067	0	0	false
167	0	167	444	7056	2067	0	0	true
167	1	190	441	703	2067	0	0	false
167	2	190	434	709	2067	0	0	false
167	3	191	440	7058	2067	0	0	false
167	4	195	426	7059	2067	0	0	false
168	0	160	447	7056	2067	0	0	true
168	1	184	444	7023	2067	0	0	false
168	2	183	437	7048	2067	0	0	false
168	3	184	444	7053	2067	0	0	false
168	4	188	430	7032	2067	0	0	false
169	0	153	450	7056	2067	0	0	true
169	1	177	447	7093	2067	0	0	false
169	2	177	441	7033	2067	0	0	false
169	3	178	447	7047	2067	0	0	false
169	4	181	433	708	2067	0	0	false
170	0	147	454	7056	2067	0	0	true
170	1	170	451	7055	2067	0	0	false
170	2	170	444	7051	2067	0	0	false
170	3	171	450	7021	2067	0	0	false
170	4	174	437	7039	2067	0	0	false
171	0	140	457	7056	2067	0	0	true
171	1	164	454	7058	2067	0	0	false
171	2	163	447	7049	2067	0	0	false
171	3	165	454	704	2067	0	0	false
171	4	168	440	7019	2067	0	0	false
172	0	133	461	7056	2067	0	0	true
172	1	157	458	7076	2067	0	0	false
172	2	157	451	7051	2067	0	0	false
172	3	158	457	7068	2067	0	0	false
172	4	161	443	707	2067	0	0	false
173	0	126	464	7056	2067	0	0	true
173	1	150	461	7077	2067	0	0	false
173	2	150	454	7088	2067	0	0	false
173	3	151	460	7088	2067	0	0	false
173	4	154	447	7041	2067	0	0	false
174	0	120	468	7056	2067	0	0	true
174	1	143	465	7046	2067	0	0	false
174	2	143	458	7055	2067	0	0	false
174	3	144	464	7089	2067	0	0	false
174	4	148	450	7031	2067	0	0	false
175	0	113	471	7056	2067	0	0	true
175	1	136	468	7068	2067	0	0	false
175	2	136	461	7084	2067	0	0	false
175	3	137	468	7055	2067	0	0	false
175	4	141	453	702	2067	0	0	false
176	0	106	474	7056	2067	0	0	true
176	1	130	472	7035	2067	0	0	false
176	2	129	465	7089	2067	0	0	false
176	3	130	471	7042	2067	0	0	false
176	4	135	457	7023	2067	0	0	false
177	0	99	478	7056	2067	0	0	true
177	1	123	475	7059	2067	0	0	false
177	2	122	468	7092	2067	0	0	false
177	3	124	474	7084	2067	0	0	false
177	4	128	460	7054	2067	0	0	false
178	0	93	481	7056	2067	0	0	true
178	1	116	478	7022	2067	0	0	false
178	2	115	472	7045	2067	0	0	false
178	3	117	478	7022	2067	0	0	false
178	4	122	463	7071	2067	0	0	false
179	0	86	485	7056	2067	0	0	true
179	1	110	482	7086	2067	0	0	false
179	2	109	475	7041	2067	0	0	false
179	3	110	481	7035	2067	0	0	false
179	4	115	467	7035	2067	0	0	false
180	0	79	488	7056	2067	0	0	true
180	1	103	485	7027	2067	0	0	false
180	2	102	479	7059	2067	0	0	false
180	3	104	484	703	2067	0	0	false
180	4	108	470	7033	2067	0	0	false
181	0	73	491	7056	2067	0	0	true
181	1	96	488	7081	2067	0	0	false
181	2	95	482	7058	2067	0	0	false
181	3	97	488	709	2067	0	0	false
181	4	102	473	7048	2067	0	0	false
182	0	73	491	7056	2067	0	0	true
182	1	89	492	7083	2067	0	0	false
182	2	88	485	708	2067	0	0	false
182	3	90	491	703	5082	0	0	false
182	4	95	477	7049	2067	0	0	false
183	0	75	481	9097	4088	0	0	true
183	1	82	496	1003	3031	0	0	false
183	2	81	489	10013	4059	0	0	false
183	3	97	488	10019	209	0	0	false
183	4	88	480	10008	2008	0	0	false
184	0	77	471	9097	4088	0	0	true
184	1	72	494	10006	4025	0	0	false
184	2	80	479	9098	4068	0	0	false
184	3	87	490	10025	3035	0	0	false
184	4	83	489	9081	2042	0	0	false
185	0	78	461	9097	4088	0	0	true
185	1	68	485	10038	4077	0	0	false
185	2	80	469	9091	4074	0	0	false
185	3	77	488	10026	4008	0	0	false
185	4	76	495	9067	4085	0	0	false
186	0	80	452	9097	4088	0	0	true
186	1	68	474	9052	4086	0	0	false
186	2	80	459	9076	4078	0	0	false
186	3	71	480	9073	4063	0	0	false
186	4	77	486	10021	4088	0	0	false
187	0	82	442	9097	4088	0	0	true
187	1	70	465	10037	4088	0	0	false
187	2	81	449	10009	4081	0	0	false
187	3	70	470	10007	4081	0	0	false
187	4	79	476	10001	4088	0	0	false
188	0	83	432	9097	4088	0	0	true
188	1	71	455	9077	4088	0	0	false
188	2	82	439	1003	4083	0	0	false
188	3	71	460	9051	4086	0	0	false
188	4	81	466	10021	4088	0	0	false
189	0	85	422	9097	4088	0	0	true
189	1	73	445	10018	4088	0	0	false
189	2	83	429	10044	4085	0	0	false
189	3	72	451	10023	4087	0	0	false
189	4	82	456	10022	4088	0	0	false
190	0	87	412	9097	4088	0	0	true
190	1	75	435	9087	4088	0	0	false
190	2	84	419	10036	4086	0	0	false
190	3	74	441	9085	4088	0	0	false
190	4	84	446	1003	4088	0	0	false
191	0	88	402	9097	4088	0	0	true
191	1	76	425	10041	4088	0	0	false
191	2	86	408	9082	4086	0	0	false
191	3	76	431	9079	4088	0	0	false
191	4	86	436	10041	4088	0	0	false
192	0	90	393	9097	4088	0	0	true
192	1	78	415	1002	4088	0	0	false
192	2	87	399	9073	4087	0	0	false
192	3	77	421	9098	4088	0	0	false
192	4	88	425	9084	4088	0	0	false
193	0	92	383	9097	4088	0	0	true
193	1	80	405	10002	4088	0	0	false
193	2	89	389	9085	4087	0	0	false
193	3	79	412	9092	4088	0	0	false
193	4	89	416	9078	4088	0	0	false
194	0	93	373	9097	4088	0	0	true
194	1	81	395	9096	4088	0	0	false
194	2	90	379	9082	4087	0	0	false
194	3	80	402	10022	4088	0	0	false
194	4	91	406	9056	4088	0	0	false
195	0	95	363	9097	4088	0	0	true
195	1	83	385	10018	4088	0	0	false
195	2	92	370	1004	4088	0	0	false
195	3	82	392	9073	4088	0	0	false
195	4	92	396	9057	4088	0	0	false
196	0	97	353	9097	4088	0	0	true
196	1	85	375	9051	4088	0	0	false
196	2	94	359	9079	4088	0	0	false
196	3	84	382	9069	4088	0	0	false
196	4	94	387	9054	4088	0	0	false
197	0	98	343	9097	4088	0	0	true
197	1	86	366	908	4088	0	0	false
197	2	95	350	9064	4088	0	0	false
197	3	85	373	10008	4088	0	0	false
197	4	96	378	9068	4088	0	0	false
198	0	100	334	9097	4088	0	0	true
198	1	88	356	10013	4088	0	0	false
198	2	97	340	9063	4088	0	0	false
198	3	87	363	9069	4088	0	0	false
198	4	97	368	10031	4088	0	0	false
199	0	102	324	9097	4088	0	0	true
199	1	90	346	10015	4088	0	0	false
199	2	99	331	10022	4088	0	0	false
199	3	89	353	9079	4088	0	0	false
199	4	99	358	9068	4088	0	0	false
200	0	103	314	9097	4088	0	0	true
200	1	91	336	9082	4088	0	0	false
200	2	100	321	10031	4088	0	0	false
200	3	90	343	9092	4088	0	0	false
200	4	100	348	10023	4088	0	0	false
201	0	105	304	9097	4088	0	0	true
201	1	93	327	9055	4088	0	0	false
201	2	102	310	9081	4088	0	0	false
201	3	92	334	10037	4088	0	0	false
201	4	102	338	10017	4088	0	0	false
202	0	107	294	9097	4088	0	0	true
202	1	94	317	10012	4088	0	0	false
202	2	104	301	9088	4088	0	0	false
202	3	94	323	10021	4088	0	0	false
202	4	104	328	10009	4088	0	0	false
203	0	108	284	9097	4088	0	0	true
203	1	96	307	10018	4088	0	0	false
203	2	105	291	9099	4088	0	0	false
203	3	95	313	10012	4088	0	0	false
203	4	106	318	10006	4088	0	0	false
204	0	110	274	9097	4088	0	0	true
204	1	98	297	1002	4088	0	0	false
204	2	107	281	10008	4088	0	0	false
204	3	97	303	10044	4088	0	0	false
204	4	107	308	9053	4088	0	0	false
205	0	112	265	9097	4088	0	0	true
205	1	100	287	10034	4088	0	0	false
205	2	109	271	10016	4088	0	0	false
205	3	99	293	10043	4088	0	0	false
205	4	109	299	10004	4088	0	0	false
206	0	113	255	9097	4088	0	0	true
206	1	101	277	9074	4088	0	0	false
206	2	110	261	10007	4088	0	0	false
206	3	101	283	9078	4088	0	0	false
206	4	110	289	9088	4088	0	0	false
207	0	115	245	9097	4088	0	0	true
207	1	103	267	9078	4088	0	0	false
207	2	112	251	10029	4088	0	0	false
207	3	102	273	10047	4088	0	0	false
207	4	112	279	10032	4088	0	0	false
208	0	117	235	9097	4088	0	0	true
208	1	105	258	10019	4088	0	0	false
208	2	114	241	10003	4088	0	0	false
208	3	104	263	10045	4088	0	0	false
208	4	114	269	9049	4088	0	0	false
209	0	118	225	9097	4088	0	0	true
209	1	106	248	9097	4088	0	0	false
209	2	115	231	1002	4088	0	0	false
209	3	106	253	9068	4088	0	0	false
209	4	115	260	9049	4088	0	0	false
210	0	120	215	9097	4088	0	0	true
210	1	108	238	9052	4088	0	0	false
210	2	117	221	9091	4088	0	0	false
210	3	107	243	9056	4088	0	0	false
210	4	117	250	9056	4088	0	0	false
211	0	121	206	9097	4088	0	0	true
211	1	109	228	10035	4088	0	0	false
211	2	119	211	10009	4088	0	0	false
211	3	109	234	9069	4088	0	0	false
211	4	119	241	10004	4088	0	0	false
212	0	123	196	9097	4088	0	0	true
212	1	111	218	9059	4088	0	0	false
212	2	120	202	9062	4088	0	0	false
212	3	110	224	9085	4088	0	0	false
212	4	120	231	10007	4088	0	0	false
213	0	125	186	9097	4088	0	0	true
213	1	113	209	9098	4088	0	0	false
213	2	122	192	10034	4088	0	0	false
213	3	112	214	9061	4088	0	0	false
213	4	122	221	9083	4088	0	0	false
214	0	126	176	9097	4088	0	0	true
214	1	114	199	9069	4088	0	0	false
214	2	124	182	10032	4088	0	0	false
214	3	114	205	10036	4088	0	0	false
214	4	124	212	10042	4088	0	0	false
215	0	128	166	9097	4088	0	0	true
215	1	116	189	10009	4088	0	0	false
215	2	125	172	9072	4088	0	0	false
215	3	115	195	9087	4088	0	0	false
215	4	125	201	9061	4088	0	0	false
216	0	130	156	9097	4088	0	0	true
216	1	118	179	909	4088	0	0	false
216	2	127	162	907	4088	0	0	false
216	3	117	185	10022	4088	0	0	false
216	4	127	192	9073	4088	0	0	false
217	0	131	147	9097	4088	0	0	true
217	1	119	170	9052	4088	0	0	false
217	2	129	153	9079	4088	0	0	false
217	3	119	175	9091	4088	0	0	false
217	4	128	182	10044	4088	0	0	false
218	0	133	137	9097	4088	0	0	true
218	1	121	160	10025	4088	0	0	false
218	2	130	143	10035	4088	0	0	false
218	3	120	165	10025	4088	0	0	false
218	4	130	172	10002	4088	0	0	false
219	0	135	127	9097	4088	0	0	true
219	1	123	150	9093	4088	0	0	false
219	2	132	133	9081	4088	0	0	false
219	3	122	155	9059	4088	0	0	false
219	4	132	162	10046	4088	0	0	false
220	0	136	117	9097	4088	0	0	true
220	1	124	140	9099	4088	0	0	false
220	2	134	123	9059	4088	0	0	false
220	3	124	145	10004	4088	0	0	false
220	4	134	152	9067	4088	0	0	false
221	0	138	107	9097	4088	0	0	true
221	1	126	130	10045	4088	0	0	false
221	2	135	114	907	4088	0	0	false
221	3	125	136	9097	4088	0	0	false
221	4	135	142	9052	4088	0	0	false
222	0	140	97	9097	4088	0	0	true
222	1	128	120	10033	4088	0	0	false
222	2	137	104	10046	4088	0	0	false
222	3	127	126	9057	4088	0	0	false
222	4	137	133	9093	4088	0	0	false
223	0	141	88	9097	4088	0	0	true
223	1	129	110	9099	4088	0	0	false
223	2	138	94	9073	4088	0	0	false
223	3	129	116	9082	4088	0	0	false
223	4	138	123	10044	4088	0	0	false
224	0	143	78	9097	4088	0	0	true
224	1	131	100	10044	4088	0	0	false
224	2	140	84	9066	4088	0	0	false
224	3	130	107	907	4088	0	0	false
224	4	140	113	10027	4088	0	0	false
225	0	145	68	9097	4088	0	0	true
225	1	133	90	10037	4088	0	0	false
225	2	142	75	10	4088	0	0	false
225	3	132	97	10024	4088	0	0	false
225	4	142	103	10013	4088	0	0	false
226	0	146	58	9097	4088	0	0	true
226	1	134	80	9064	4088	0	0	false
226	2	143	65	9062	4088	0	0	false
226	3	133	87	10	4088	0	0	false
226	4	144	93	9095	4088	0	0	false
227	0	147	55	9097	4088	0	0	true
227	1	136	70	10019	4088	0	0	false
227	2	145	55	9097	4088	0	0	false
227	3	135	77	909	4088	0	0	false
227	4	145	83	9066	4088	0	0	false
228	0	147	55	9097	4088	0	0	true
228	1	138	60	10006	1074	0	0	false
228	2	147	45	10007	4088	0	0	false
228	3	137	67	9076	1074	0	0	false
228	4	147	73	10014	1074	0	0	false
229	0	147	55	9097	4088	0	0	true
229	1	136	70	9085	4088	0	0	false
229	2	148	35	10047	4088	0	0	false
229	3	135	77	10004	4088	0	0	false
229	4	145	83	10002	4088	0	0	false
230	0	147	55	9097	4088	0	0	true
230	1	138	60	10021	1074	0	0	false
230	2	150	25	9075	1074	0	0	false
230	3	137	67	10015	1074	0	0	false
230	4	147	73	10022	1074	0	0	false
231	0	147	55	9097	4088	0	0	true
231	1	136	70	10034	4088	0	0	false
231	2	148	35	10004	4088	0	0	false
231	3	135	77	1002	4088	0	0	false
231	4	145	83	10036	4088	0	0	false
232	0	147	55	9097	4088	0	0	true
232	1	138	60	10013	1074	0	0	false
232	2	150	25	10009	1074	0	0	false
232	3	137	67	9093	1074	0	0	false
232	4	147	73	10039	1074	0	0	false
233	0	139	53	8057	3037	0	0	true
233	1	136	70	8078	5082	0	0	false
233	2	148	35	8064	2075	0	0	false
233	3	135	77	8066	5066	0	0	false
233	4	145	83	803	5028	0	0	false
234	0	130	51	8057	3037	0	0	true
234	1	144	66	8091	4016	0	0	false
234	2	140	38	8083	2089	0	0	false
234	3	142	72	8052	4094	0	0	false
234	4	150	76	8097	4093	0	0	false
235	0	122	49	8057	3037	0	0	true
235	1	139	59	8043	3	0	0	false
235	2	132	40	8016	3001	0	0	false
235	3	144	63	8088	3053	0	0	false
235	4	151	68	8019	404	0	0	false
236	0	114	47	8057	3037	0	0	true
236	1	131	60	8031	3047	0	0	false
236	2	124	41	8083	301	0	0	false
236	3	136	60	806	3037	0	0	false
236	4	149	60	8092	309	0	0	false
237	0	105	45	8057	3037	0	0	true
237	1	123	57	8071	3036	0	0	false
237	2	115	42	8027	3017	0	0	false
237	3	128	58	8095	3037	0	0	false
237	4	142	54	8097	306	0	0	false
238	0	97	43	8057	3037	0	0	true
238	1	115	55	8066	3038	0	0	false
238	2	107	42	8075	3022	0	0	false
238	3	119	56	8093	3037	0	0	false
238	4	134	50	8045	3046	0	0	false
239	0	89	41	8057	3037	0	0	true
239	1	106	53	8079	3037	0	0	false
239	2	98	41	8023	3026	0	0	false
239	3	110	54	8019	3037	0	0	false
239	4	126	47	8015	3041	0	0	false
240	0	80	39	8057	3037	0	0	true
240	1	98	51	8069	3037	0	0	false
240	2	90	40	8074	3029	0	0	false
240	3	102	52	8079	3037	0	0	false
240	4	119	45	8069	3039	0	0	false
241	0	72	37	8057	3037	0	0	true
241	1	89	49	805	3037	0	0	false
241	2	81	39	8058	3031	0	0	false
241	3	94	50	8094	3037	0	0	false
241	4	110	43	8044	3038	0	0	false
242	0	64	35	8057	3037	0	0	true
242	1	81	47	8054	3037	0	0	false
242	2	73	37	8034	3033	0	0	false
242	3	85	48	804	3037	0	0	false
242	4	102	41	8021	3038	0	0	false
243	0	55	33	8057	3037	0	0	true
243	1	73	45	8045	3037	0	0	false
243	2	64	36	8083	3034	0	0	false
243	3	77	46	8041	3037	0	0	false
243	4	94	39	8088	3038	0	0	false
244	0	47	31	8057	3037	0	0	true
244	1	64	43	8066	3037	0	0	false
244	2	56	34	8064	3035	0	0	false
244	3	69	44	8087	3037	0	0	false
244	4	85	37	8039	3037	0	0	false
245	0	42	30	8057	3037	0	0	true
245	1	56	41	8015	3037	0	0	false
245	2	47	32	8052	3035	0	0	false
245	3	60	42	9	3037	0	0	false
245	4	77	35	8046	3037	0	0	false
246	0	42	30	8057	3037	0	0	true
246	1	48	40	8021	0023	0	0	false
246	2	39	30	8059	3035	0	0	false
246	3	51	40	8064	0023	0	0	false
246	4	69	33	804	3037	0	0	false
247	0	42	30	8057	3037	0	0	true
247	1	56	41	8086	3037	0	0	false
247	2	31	29	8048	3035	0	0	false
247	3	60	42	8063	3037	0	0	false
247	4	61	31	8081	0023	0	0	false
248	0	47	31	5048	0032	0	0	true
248	1	47	39	5073	4023	0	0	false
248	2	22	27	5056	0021	0	0	false
248	3	51	40	5042	4002	0	0	false
248	4	69	33	5022	3028	0	0	false
249	0	52	33	5048	0032	0	0	true
249	1	45	34	5053	4052	0	0	false
249	2	28	28	5057	0022	0	0	false
249	3	48	36	5072	4019	0	0	false
249	4	64	32	5067	3025	0	0	false
250	0	57	35	5048	0032	0	0	true
250	1	44	29	5041	5028	0	0	false
250	2	33	29	5037	0023	0	0	false
250	3	45	31	5063	4062	0	0	false
250	4	58	32	5046	3021	0	0	false
251	0	62	37	5048	0032	0	0	true
251	1	47	24	5022	0007	0	0	false
251	2	38	31	5068	0024	0	0	false
251	3	44	25	5033	6001	0	0	false
251	4	53	31	5033	3012	0	0	false
252	0	68	38	5048	0032	0	0	true
252	1	52	25	5039	0029	0	0	false
252	2	44	32	5067	0025	0	0	false
252	3	49	24	5031	0034	0	0	false
252	4	48	32	5036	2069	0	0	false
253	0	73	40	5048	0032	0	0	true
253	1	57	26	5059	0032	0	0	false
253	2	49	33	507	0026	0	0	false
253	3	54	26	5054	0032	0	0	false
253	4	43	34	5069	0022	0	0	false
254	0	78	42	5048	0032	0	0	true
254	1	62	28	5046	0032	0	0	false
254	2	55	35	5048	0027	0	0	false
254	3	60	27	5069	0032	0	0	false
254	4	48	35	507	0031	0	0	false
255	0	83	43	5048	0032	0	0	true
255	1	67	30	506	0032	0	0	false
255	2	60	36	5048	0027	0	0	false
255	3	65	29	5061	0032	0	0	false
255	4	54	37	5074	0032	0	0	false
256	0	88	45	5048	0032	0	0	true
256	1	73	31	5056	0032	0	0	false
256	2	65	38	5056	0028	0	0	false
256	3	70	31	5046	0032	0	0	false
256	4	59	39	5054	0032	0	0	false
257	0	94	47	5048	0032	0	0	true
257	1	78	33	5065	0032	0	0	false
257	2	71	39	5063	0028	0	0	false
257	3	76	33	5023	0032	0	0	false
257	4	65	40	5023	0032	0	0	false
258	0	99	49	5048	0032	0	0	true
258	1	83	35	5075	0032	0	0	false
258	2	76	41	5075	0029	0	0	false
258	3	81	34	5028	0032	0	0	false
258	4	69	42	5062	0032	0	0	false
259	0	104	50	5048	0032	0	0	true
259	1	89	37	5066	0032	0	0	false
259	2	82	42	5028	0029	0	0	false
259	3	86	36	5064	0032	0	0	false
259	4	75	44	5021	0032	0	0	false
260	0	109	52	5048	0032	0	0	true
260	1	94	39	5029	0032	0	0	false
260	2	87	44	5061	0029	0	0	false
260	3	91	38	5065	0032	0	0	false
260	4	80	45	5039	0032	0	0	false
261	0	114	54	5048	0032	0	0	true
261	1	99	40	5059	0032	0	0	false
261	2	92	46	5066	003	0	0	false
261	3	96	40	5044	0032	0	0	false
261	4	85	47	5052	0032	0	0	false
262	0	120	55	5048	0032	0	0	true
262	1	105	42	5075	0032	0	0	false
262	2	98	47	5072	003	0	0	false
262	3	102	41	5026	0032	0	0	false
262	4	90	49	5065	0032	0	0	false
263	0	125	57	5048	0032	0	0	true
263	1	110	44	504	0032	0	0	false
263	2	103	49	5054	003	0	0	false
263	3	106	43	5064	0032	0	0	false
263	4	95	51	5032	0032	0	0	false
264	0	130	59	5048	0032	0	0	true
264	1	115	45	5034	0032	0	0	false
264	2	108	51	5021	003	0	0	false
264	3	112	45	5021	0032	0	0	false
264	4	101	52	5042	0032	0	0	false
265	0	135	61	5048	0032	0	0	true
265	1	120	47	5028	0032	0	0	false
265	2	113	52	503	0031	0	0	false
265	3	117	46	5054	0032	0	0	false
265	4	106	54	5025	0032	0	0	false
266	0	140	62	5048	0032	0	0	true
266	1	125	49	5056	0032	0	0	false
266	2	118	54	5066	0031	0	0	false
266	3	122	48	5072	0032	0	0	false
266	4	111	56	5032	0032	0	0	false
267	0	146	64	5048	0032	0	0	true
267	1	130	51	505	0032	0	0	false
267	2	124	55	5053	0031	0	0	false
267	3	127	50	5049	0032	0	0	false
267	4	116	57	5047	0032	0	0	false
268	0	151	66	5048	0032	0	0	true
268	1	136	52	5023	0032	0	0	false
268	2	129	57	5021	0031	0	0	false
268	3	133	52	5025	0032	0	0	false
268	4	121	59	5023	0032	0	0	false
269	0	156	68	5048	0032	0	0	true
269	1	141	54	5038	0032	0	0	false
269	2	134	59	5057	0031	0	0	false
269	3	138	53	5045	0032	0	0	false
269	4	126	61	5039	0032	0	0	false
270	0	161	69	5048	0032	0	0	true
270	1	146	56	5066	0032	0	0	false
270	2	139	60	5037	0031	0	0	false
270	3	143	55	5048	0032	0	0	false
270	4	131	62	5061	0032	0	0	false
271	0	166	71	5048	0032	0	0	true
271	1	151	57	5054	0032	0	0	false
271	2	144	62	5025	0031	0	0	false
271	3	148	57	5021	0032	0	0	false
271	4	136	64	5038	0032	0	0	false
272	0	172	73	5048	0032	0	0	true
272	1	156	59	5031	0032	0	0	false
272	2	149	64	503	0031	0	0	false
272	3	153	58	5043	0032	0	0	false
272	4	141	66	5022	0032	0	0	false
273	0	177	74	5048	0032	0	0	true
273	1	161	61	5028	0032	0	0	false
273	2	154	65	5067	0031	0	0	false
273	3	158	60	5043	0032	0	0	false
273	4	146	68	5046	0032	0	0	false
274	0	182	76	5048	0032	0	0	true
274	1	166	62	5075	0032	0	0	false
274	2	160	67	5021	0031	0	0	false
274	3	163	62	505	0032	0	0	false
274	4	152	69	507	0032	0	0	false
275	0	187	78	5048	0032	0	0	true
275	1	172	64	5072	0032	0	0	false
275	2	165	69	5027	0032	0	0	false
275	3	169	63	507	0032	0	0	false
275	4	157	71	5074	0032	0	0	false
276	0	193	80	5048	0032	0	0	true
276	1	177	66	5071	0032	0	0	false
276	2	170	70	5047	0032	0	0	false
276	3	174	65	504	0032	0	0	false
276	4	162	73	5048	0032	0	0	false
277	0	198	81	5048	0032	0	0	true
277	1	183	68	5029	0032	0	0	false
277	2	175	72	5055	0032	0	0	false
277	3	179	67	5064	0032	0	0	false
277	4	168	75	5037	0032	0	0	false
278	0	203	83	5048	0032	0	0	true
278	1	188	70	5058	0032	0	0	false
278	2	180	74	5026	0032	0	0	false
278	3	184	69	5066	0032	0	0	false
278	4	173	76	5022	0032	0	0	false
279	0	208	85	5048	0032	0	0	true
279	1	193	71	5064	0032	0	0	false
279	2	185	75	5037	0032	0	0	false
279	3	190	70	5054	0032	0	0	false
279	4	178	78	5075	0032	0	0	false
280	0	213	87	5048	0032	0	0	true
280	1	198	73	5024	0032	0	0	false
280	2	190	77	507	0032	0	0	false
280	3	195	72	5068	0032	0	0	false
280	4	183	80	5049	0032	0	0	false
281	0	219	88	5048	0032	0	0	true
281	1	203	75	5049	0032	0	0	false
281	2	196	79	5059	0032	0	0	false
281	3	200	74	5073	0032	0	0	false
281	4	188	81	5038	0032	0	0	false
282	0	224	90	5048	0032	0	0	true
282	1	209	76	5034	0032	0	0	false
282	2	201	81	5066	0032	0	0	false
282	3	206	76	5046	0032	0	0	false
282	4	193	83	5026	0032	0	0	false
283	0	229	92	5048	0032	0	0	true
283	1	214	78	506	0032	0	0	false
283	2	206	82	5045	0032	0	0	false
283	3	211	77	507	0032	0	0	false
283	4	198	85	5051	0032	0	0	false
284	0	234	93	5048	0032	0	0	true
284	1	219	80	5056	0032	0	0	false
284	2	212	84	5034	0032	0	0	false
284	3	216	79	5052	0032	0	0	false
284	4	204	86	504	0032	0	0	false
285	0	239	95	5048	0032	0	0	true
285	1	224	82	5058	0032	0	0	false
285	2	217	86	5053	0032	0	0	false
285	3	222	81	5039	0032	0	0	false
285	4	209	88	5043	0032	0	0	false
286	0	245	97	5048	0032	0	0	true
286	1	230	83	5035	0032	0	0	false
286	2	222	87	506	0032	0	0	false
286	3	227	83	5068	0032	0	0	false
286	4	214	90	5062	0032	0	0	false
287	0	250	99	5048	0032	0	0	true
287	1	235	85	5046	0032	0	0	false
287	2	227	89	5073	0032	0	0	false
287	3	232	84	5039	0032	0	0	false
287	4	219	92	5023	0032	0	0	false
288	0	255	100	5048	0032	0	0	true
288	1	240	87	5034	0032	0	0	false
288	2	233	91	5067	0032	0	0	false
288	3	237	86	5074	0032	0	0	false
288	4	224	93	5036	0032	0	0	false
289	0	260	102	5048	0032	0	0	true
289	1	245	88	5066	0032	0	0	false
289	2	238	93	5051	0032	0	0	false
289	3	243	88	505	0032	0	0	false
289	4	229	95	5044	0032	0	0	false
290	0	265	104	5048	0032	0	0	true
290	1	250	90	5026	0032	0	0	false
290	2	243	95	5068	0032	0	0	false
290	3	248	90	5028	0032	0	0	false
290	4	235	97	5068	0032	0	0	false
291	0	271	105	5048	0032	0	0	true
291	1	255	92	5037	0032	0	0	false
291	2	249	96	5053	0032	0	0	false
291	3	253	91	5027	0032	0	0	false
291	4	240	98	5045	0032	0	0	false
292	0	276	107	5048	0032	0	0	true
292	1	260	94	507	0032	0	0	false
292	2	254	98	5048	0032	0	0	false
292	3	258	93	5075	0032	0	0	false
292	4	245	100	5028	0032	0	0	false
293	0	281	109	5048	0032	0	0	true
293	1	266	95	5032	0032	0	0	false
293	2	259	100	5024	0032	0	0	false
293	3	264	95	5072	0032	0	0	false
293	4	250	102	5051	0032	0	0	false
294	0	286	111	5048	0032	0	0	true
294	1	271	97	5032	0032	0	0	false
294	2	264	101	5065	0032	0	0	false
294	3	269	97	5028	0032	0	0	false
294	4	255	104	5045	0032	0	0	false
295	0	291	112	5048	0032	0	0	true
295	1	276	99	5037	0032	0	0	false
295	2	269	103	5056	0032	0	0	false
295	3	274	98	5063	0032	0	0	false
295	4	261	105	5023	0032	0	0	false
296	0	297	114	5048	0032	0	0	true
296	1	281	100	507	0032	0	0	false
296	2	275	105	5045	0032	0	0	false
296	3	279	100	5056	0032	0	0	false
296	4	265	107	5049	0032	0	0	false
297	0	302	116	5048	0032	0	0	true
297	1	286	102	504	0032	0	0	false
297	2	280	107	5032	0032	0	0	false
297	3	285	102	5057	0032	0	0	false
297	4	271	109	5039	0032	0	0	false
298	0	307	118	5048	0032	0	0	true
298	1	292	104	5055	0032	0	0	false
298	2	285	108	5046	0032	0	0	false
298	3	290	104	506	0032	0	0	false
298	4	276	110	5021	0032	0	0	false
299	0	312	119	5048	0032	0	0	true
299	1	297	106	5061	0032	0	0	false
299	2	290	110	5056	0032	0	0	false
299	3	295	105	5033	0032	0	0	false
299	4	281	112	5064	0032	0	0	false
300	0	317	121	5048	0032	0	0	true
300	1	302	107	5026	0032	0	0	false
300	2	295	112	5046	0032	0	0	false
300	3	300	107	5028	0032	0	0	false
300	4	286	114	5058	0032	0	0	false
301	0	323	123	5048	0032	0	0	true
301	1	307	109	5071	0032	0	0	false
301	2	301	113	5049	0032	0	0	false
301	3	305	109	5071	0032	0	0	false
301	4	291	116	5062	0032	0	0	false
302	0	328	124	5048	0032	0	0	true
302	1	313	111	5028	0032	0	0	false
302	2	306	115	5062	0032	0	0	false
302	3	311	110	5072	0032	0	0	false
302	4	297	117	5035	0032	0	0	false
303	0	333	126	5048	0032	0	0	true
303	1	318	112	5042	0032	0	0	false
303	2	311	117	5055	0032	0	0	false
303	3	316	112	5066	0032	0	0	false
303	4	302	119	503	0032	0	0	false
304	0	338	128	5048	0032	0	0	true
304	1	323	114	5026	0032	0	0	false
304	2	316	119	5021	0032	0	0	false
304	3	321	114	5023	0032	0	0	false
304	4	307	121	5072	0032	0	0	false
305	0	343	130	5048	0032	0	0	true
305	1	328	116	5048	0032	0	0	false
305	2	321	120	5068	0032	0	0	false
305	3	326	116	5056	0032	0	0	false
305	4	312	122	5062	0032	0	0	false
306	0	349	131	5048	0032	0	0	true
306	1	333	118	5053	0032	0	0	false
306	2	327	122	5036	0032	0	0	false
306	3	332	117	5035	0032	0	0	false
306	4	318	124	5037	0032	0	0	false
307	0	354	133	5048	0032	0	0	true
307	1	338	119	5029	0032	0	0	false
307	2	332	124	5056	0032	0	0	false
307	3	337	119	5055	0032	0	0	false
307	4	323	126	5054	0032	0	0	false
308	0	359	135	5048	0032	0	0	true
308	1	343	121	507	0032	0	0	false
308	2	337	126	5054	0032	0	0	false
308	3	342	121	5073	0032	0	0	false
308	4	328	128	5073	0032	0	0	false
309	0	364	136	5048	0032	0	0	true
309	1	349	123	5033	0032	0	0	false
309	2	342	127	5064	0032	0	0	false
309	3	347	123	5063	0032	0	0	false
309	4	333	129	5066	0032	0	0	false
310	0	369	138	5048	0032	0	0	true
310	1	354	124	5023	0032	0	0	false
310	2	348	129	5051	0032	0	0	false
310	3	353	124	5058	0032	0	0	false
310	4	339	131	503	0032	0	0	false
311	0	375	140	5048	0032	0	0	true
311	1	359	126	5048	0032	0	0	false
311	2	353	131	5021	0032	0	0	false
311	3	358	126	5056	0032	0	0	false
311	4	344	133	504	0032	0	0	false
312	0	380	142	5048	0032	0	0	true
312	1	364	128	5043	0032	0	0	false
312	2	358	132	5027	0032	0	0	false
312	3	363	128	5026	0032	0	0	false
312	4	349	135	5047	0032	0	0	false
313	0	385	143	5048	0032	0	0	true
313	1	369	129	5029	0032	0	0	false
313	2	363	134	5064	0032	0	0	false
313	3	368	130	5047	0032	0	0	false
313	4	354	136	5032	0032	0	0	false
314	0	390	145	5048	0032	0	0	true
314	1	374	131	5071	0032	0	0	false
314	2	368	136	504	0032	0	0	false
314	3	374	131	5027	0032	0	0	false
314	4	359	138	5068	0032	0	0	false
315	0	395	147	5048	0032	0	0	true
315	1	379	133	5031	0032	0	0	false
315	2	373	138	5064	0032	0	0	false
315	3	379	133	5045	0032	0	0	false
315	4	365	140	5021	0032	0	0	false
316	0	401	149	5048	0032	0	0	true
316	1	384	135	5054	0032	0	0	false
316	2	379	139	5035	0032	0	0	false
316	3	384	135	5044	0032	0	0	false
316	4	370	141	5074	0032	0	0	false
317	0	406	150	5048	0032	0	0	true
317	1	390	136	5044	0032	0	0	false
317	2	384	141	5022	0032	0	0	false
317	3	389	136	5035	0032	0	0	false
317	4	375	143	5022	0032	0	0	false
318	0	411	152	5048	0032	0	0	true
318	1	395	138	5075	0032	0	0	false
318	2	389	143	5063	0032	0	0	false
318	3	394	138	5041	0032	0	0	false
318	4	380	145	5056	0032	0	0	false
319	0	416	154	5048	0032	0	0	true
319	1	400	140	5067	0032	0	0	false
319	2	394	144	5075	0032	0	0	false
319	3	399	140	5054	0032	0	0	false
319	4	385	147	5048	0032	0	0	false
320	0	422	155	5048	0032	0	0	true
320	1	406	142	5044	0032	0	0	false
320	2	400	146	5031	0032	0	0	false
320	3	404	141	5072	0032	0	0	false
320	4	390	148	5053	0032	0	0	false
321	0	427	157	5048	0032	0	0	true
321	1	411	143	5043	0032	0	0	false
321	2	405	148	5029	0032	0	0	false
321	3	410	143	5072	0032	0	0	false
321	4	396	150	5075	0032	0	0	false
322	0	432	159	5048	0032	0	0	true
322	1	416	145	5048	0032	0	0	false
322	2	410	150	503	0032	0	0	false
322	3	415	145	5054	0032	0	0	false
322	4	401	152	5071	0032	0	0	false
323	0	437	161	5048	0032	0	0	true
323	1	421	147	5065	0032	0	0	false
323	2	415	151	5073	0032	0	0	false
323	3	421	147	5055	0032	0	0	false
323	4	407	154	5057	0032	0	0	false
324	0	442	162	5048	0032	0	0	true
324	1	427	149	5029	0032	0	0	false
324	2	420	153	503	0032	0	0	false
324	3	426	149	5027	0032	0	0	false
324	4	412	155	5028	0032	0	0	false
325	0	448	164	5048	0032	0	0	true
325	1	432	150	5046	0032	0	0	false
325	2	425	155	5047	0032	0	0	false
325	3	431	150	505	0032	0	0	false
325	4	417	157	5029	0032	0	0	false
326	0	453	166	5048	0032	0	0	true
326	1	437	152	5073	0032	0	0	false
326	2	430	156	5071	0032	0	0	false
326	3	436	152	504	0032	0	0	false
326	4	422	159	5042	0032	0	0	false
327	0	458	167	5048	0032	0	0	true
327	1	442	154	5071	0032	0	0	false
327	2	436	158	5048	0032	0	0	false
327	3	441	154	5054	0032	0	0	false
327	4	427	160	5032	0032	0	0	false
328	0	463	169	5048	0032	0	0	true
328	1	448	156	5066	0032	0	0	false
328	2	441	160	5039	0032	0	0	false
328	3	446	155	5066	0032	0	0	false
328	4	432	162	5045	0032	0	0	false
329	0	468	171	5048	0032	0	0	true
329	1	453	157	5055	0032	0	0	false
329	2	446	162	5032	0032	0	0	false
329	3	452	157	5074	0032	0	0	false
329	4	437	164	5034	0032	0	0	false
330	0	474	173	5048	0032	0	0	true
330	1	458	159	5029	0032	0	0	false
330	2	451	163	5027	0032	0	0	false
330	3	457	159	5069	0032	0	0	false
330	4	442	165	5058	0032	0	0	false
331	0	479	174	5048	0032	0	0	true
331	1	463	161	5042	0032	0	0	false
331	2	456	165	5038	0032	0	0	false
331	3	463	161	5044	0032	0	0	false
331	4	448	167	5049	0032	0	0	false
332	0	484	176	5048	0032	0	0	true
332	1	468	162	5021	0032	0	0	false
332	2	461	167	5054	0032	0	0	false
332	3	468	162	5034	0032	0	0	false
332	4	453	169	5056	0032	0	0	false
333	0	489	178	5048	0032	0	0	true
333	1	473	164	5026	0032	0	0	false
333	2	467	168	5021	0032	0	0	false
333	3	473	164	5059	0032	0	0	false
333	4	458	171	5067	0032	0	0	false
334	0	494	180	5048	0032	0	0	true
334	1	478	166	5071	0032	0	0	false
334	2	472	170	5074	0032	0	0	false
334	3	478	166	504	0032	0	0	false
334	4	464	172	5043	0032	0	0	false
335	0	498	181	5048	0032	0	0	true
335	1	484	168	5062	0032	0	0	false
335	2	477	172	5075	0032	0	0	false
335	3	483	168	5058	0032	0	0	false
335	4	469	174	5052	0032	0	0	false
336	0	498	181	5048	0032	0	0	true
336	1	489	169	505	3046	0	0	false
336	2	482	174	5051	0032	0	0	false
336	3	489	169	5032	3046	0	0	false
336	4	474	176	5062	0032	0	0	false
337	0	498	181	5048	0032	0	0	true
337	1	484	168	5053	0032	0	0	false
337	2	488	175	506	0032	0	0	false
337	3	484	168	5036	0032	0	0	false
337	4	479	178	5044	3046	0	0	false
338	0	498	181	5048	0032	0	0	true
338	1	489	169	5072	3046	0	0	false
338	2	493	177	5031	0032	0	0	false
338	3	489	169	5027	3046	0	0	false
338	4	474	176	5052	0032	0	0	false
339	0	498	181	5048	0032	0	0	true
339	1	484	167	5072	0032	0	0	false
339	2	498	179	504	0032	0	0	false
339	3	484	168	5025	0032	0	0	false
339	4	479	178	5065	3046	0	0	false
340	0	498	181	5048	0032	0	0	true
340	1	489	169	5056	3046	0	0	false
340	2	496	180	5065	0023	0	0	false
340	3	489	169	5039	3046	0	0	false
340	4	474	176	5036	0032	0	0	false
341	0	498	181	5048	0032	0	0	true
341	1	484	168	5042	0032	0	0	false
341	2	498	182	5025	002	0	0	false
341	3	483	168	5041	0032	0	0	false
341	4	479	178	5028	3046	0	0	false
342	0	498	181	5048	0032	0	0	true
342	1	489	169	5067	3046	0	0	false
342	2	496	183	5035	0015	0	0	false
342	3	489	169	5049	3046	0	0	false
342	4	474	176	5061	0032	0	0	false
343	0	498	181	5048	0032	0	0	true
343	1	484	167	5033	0032	0	0	false
343	2	497	184	5074	0013	0	0	false
343	3	483	168	5024	0032	0	0	false
343	4	479	178	5046	3046	0	0	false
344	0	497	187	6019	1081	0	0	true
344	1	489	169	6025	0035	0	0	false
344	2	496	184	6042	1069	0	0	false
344	3	488	169	6028	0017	0	0	false
344	4	474	176	603	508	0	0	false
345	0	495	193	6019	1081	0	0	true
345	1	495	171	5092	0075	0	0	false
345	2	495	191	6032	1071	0	0	false
345	3	495	170	6001	006	0	0	false
345	4	480	173	6049	6004	0	0	false
346	0	494	199	6019	1081	0	0	true
346	1	499	175	6006	1014	0	0	false
346	2	494	197	5097	1074	0	0	false
346	3	499	174	6028	1008	0	0	false
346	4	486	172	6002	0028	0	0	false
347	0	492	205	6019	1081	0	0	true
347	1	498	181	6046	1016	0	0	false
347	2	493	203	6036	1075	0	0	false
347	3	497	179	6012	1	0	0	false
347	4	492	173	6	1015	0	0	false
348	0	491	211	6019	1081	0	0	true
348	1	499	187	5093	1035	0	0	false
348	2	492	209	6029	1077	0	0	false
348	3	499	184	6031	1031	0	0	false
348	4	494	179	6022	1064	0	0	false
349	0	489	217	6019	1081	0	0	true
349	1	499	193	5089	1046	0	0	false
349	2	491	215	5098	1078	0	0	false
349	3	498	191	605	1036	0	0	false
349	4	494	185	6001	1077	0	0	false
350	0	488	223	6019	1081	0	0	true
350	1	499	198	6012	1061	0	0	false
350	2	490	221	6007	1078	0	0	false
350	3	499	197	6004	1056	0	0	false
350	4	493	191	6041	108	0	0	false
351	0	486	229	6019	1081	0	0	true
351	1	499	205	6009	107	0	0	false
351	2	488	227	6023	1079	0	0	false
351	3	499	203	601	1069	0	0	false
351	4	491	197	6009	1081	0	0	false
352	0	486	233	6019	1081	0	0	true
352	1	498	211	6042	1074	0	0	false
352	2	487	233	6022	1079	0	0	false
352	3	499	209	6036	1074	0	0	false
352	4	490	203	602	1081	0	0	false
353	0	486	233	6019	1081	0	0	true
353	1	497	217	6041	1074	0	0	false
353	2	486	239	6003	1079	0	0	false
353	3	498	215	6031	1074	0	0	false
353	4	488	209	6027	4095	0	0	false
354	0	486	233	6019	1081	0	0	true
354	1	496	223	6024	4088	0	0	false
354	2	484	245	6025	1079	0	0	false
354	3	497	221	6031	4088	0	0	false
354	4	490	203	6033	1081	0	0	false
355	0	486	233	6019	1081	0	0	true
355	1	497	217	6001	1074	0	0	false
355	2	483	251	6026	1079	0	0	false
355	3	498	215	6004	1074	0	0	false
355	4	488	209	6018	4095	0	0	false
356	0	486	233	6019	1081	0	0	true
356	1	496	223	6042	4088	0	0	false
356	2	481	257	6018	4093	0	0	false
356	3	497	221	6027	4088	0	0	false
356	4	490	203	5097	1081	0	0	false
357	0	486	233	6019	1081	0	0	true
357	1	497	217	6004	1074	0	0	false
357	2	483	251	6038	1079	0	0	false
357	3	498	215	6013	1074	0	0	false
357	4	488	209	605	4095	0	0	false
358	0	486	233	6019	1081	0	0	true
358	1	496	223	6035	4088	0	0	false
358	2	481	258	6007	4093	0	0	false
358	3	497	221	5092	4088	0	0	false
358	4	490	202	6032	1081	0	0	false
359	0	486	233	6019	1081	0	0	true
359	1	497	216	6036	1074	0	0	false
359	2	483	252	6009	1079	0	0	false
359	3	498	215	602	1074	0	0	false
359	4	488	209	6012	4095	0	0	false
360	0	486	233	6019	1081	0	0	true
360	1	496	223	6015	4088	0	0	false
360	2	481	258	6007	4093	0	0	false
360	3	497	221	6012	4088	0	0	false
360	4	490	203	6041	1081	0	0	false
361	0	486	233	6019	1081	0	0	true
361	1	497	217	6034	1074	0	0	false
361	2	483	252	6001	1079	0	0	false
361	3	498	215	5092	1074	0	0	false
361	4	488	209	6017	4095	0	0	false
362	0	478	228	9006	3071	0	0	true
362	1	496	223	9029	2013	0	0	false
362	2	481	257	9014	4017	0	0	false
362	3	497	221	808	1096	0	0	false
362	4	490	203	8096	1029	0	0	false
363	0	470	223	9006	3071	0	0	true
363	1	491	231	8089	2075	0	0	false
363	2	477	250	8073	4008	0	0	false
363	3	493	229	9049	2055	0	0	false
363	4	492	211	9027	1056	0	0	false
364	0	463	218	9006	3071	0	0	true
364	1	483	234	903	303	0	0	false
364	2	472	243	9024	4001	0	0	false
364	3	485	235	8087	3023	0	0	false
364	4	492	221	9045	2035	0	0	false
365	0	455	213	9006	3071	0	0	true
365	1	474	233	8084	3057	0	0	false
365	2	466	236	8077	3095	0	0	false
365	3	477	234	8072	3056	0	0	false
365	4	486	227	9036	3057	0	0	false
366	0	447	208	9006	3071	0	0	true
366	1	466	229	901	3066	0	0	false
366	2	460	229	9049	3091	0	0	false
366	3	469	230	9018	3066	0	0	false
366	4	477	224	901	3071	0	0	false
367	0	440	203	9006	3071	0	0	true
367	1	458	224	8077	3069	0	0	false
367	2	453	223	904	3087	0	0	false
367	3	461	226	8079	3069	0	0	false
367	4	469	219	9025	3071	0	0	false
368	0	432	198	9006	3071	0	0	true
368	1	451	220	9039	307	0	0	false
368	2	446	216	9007	3084	0	0	false
368	3	453	221	9026	307	0	0	false
368	4	462	214	8089	3071	0	0	false
369	0	424	194	9006	3071	0	0	true
369	1	443	215	809	3071	0	0	false
369	2	439	211	9008	3081	0	0	false
369	3	445	216	9043	3071	0	0	false
369	4	454	209	8084	3071	0	0	false
370	0	417	189	9006	3071	0	0	true
370	1	435	210	8065	3071	0	0	false
370	2	432	205	8077	3079	0	0	false
370	3	437	211	9012	3071	0	0	false
370	4	447	204	8086	3071	0	0	false
371	0	409	184	9006	3071	0	0	true
371	1	428	205	8094	3071	0	0	false
371	2	425	200	9043	3078	0	0	false
371	3	430	206	8067	3071	0	0	false
371	4	439	199	8071	3071	0	0	false
372	0	402	179	9006	3071	0	0	true
372	1	420	201	9009	3071	0	0	false
372	2	417	194	8089	3076	0	0	false
372	3	422	202	9026	3071	0	0	false
372	4	432	195	9041	3071	0	0	false
373	0	394	174	9006	3071	0	0	true
373	1	413	196	901	3071	0	0	false
373	2	410	189	9011	3075	0	0	false
373	3	415	197	9002	3071	0	0	false
373	4	424	190	9022	3071	0	0	false
374	0	386	169	9006	3071	0	0	true
374	1	405	191	9021	3071	0	0	false
374	2	402	184	901	3074	0	0	false
374	3	407	192	9005	3071	0	0	false
374	4	416	185	9007	3071	0	0	false
375	0	379	164	9006	3071	0	0	true
375	1	397	186	8066	3071	0	0	false
375	2	395	178	8091	3074	0	0	false
375	3	399	187	8061	3071	0	0	false
375	4	409	180	9035	3071	0	0	false
376	0	371	160	9006	3071	0	0	true
376	1	390	181	9012	3071	0	0	false
376	2	387	174	8082	3073	0	0	false
376	3	392	182	8071	3071	0	0	false
376	4	401	175	8085	3071	0	0	false
377	0	363	155	9006	3071	0	0	true
377	1	382	176	9047	3071	0	0	false
377	2	380	169	9025	3073	0	0	false
377	3	385	178	8086	3071	0	0	false
377	4	393	170	807	3071	0	0	false
378	0	356	150	9006	3071	0	0	true
378	1	374	171	8072	3071	0	0	false
378	2	372	164	9023	3072	0	0	false
378	3	377	173	8063	3071	0	0	false
378	4	386	165	902	3071	0	0	false
379	0	348	145	9006	3071	0	0	true
379	1	367	167	8087	3071	0	0	false
379	2	365	158	8077	3072	0	0	false
379	3	370	168	8093	3071	0	0	false
379	4	378	161	9008	3071	0	0	false
380	0	340	140	9006	3071	0	0	true
380	1	359	162	809	3071	0	0	false
380	2	357	154	8063	3072	0	0	false
380	3	362	163	9005	3071	0	0	false
380	4	370	156	9015	3071	0	0	false
381	0	333	135	9006	3071	0	0	true
381	1	352	157	8078	3071	0	0	false
381	2	350	149	9025	3072	0	0	false
381	3	355	159	9014	3071	0	0	false
381	4	363	151	8092	3071	0	0	false
382	0	325	130	9006	3071	0	0	true
382	1	344	152	8096	3071	0	0	false
382	2	342	144	8097	3071	0	0	false
382	3	347	154	8076	3071	0	0	false
382	4	355	146	8071	3071	0	0	false
383	0	317	126	9006	3071	0	0	true
383	1	337	148	809	3071	0	0	false
383	2	335	139	8071	3071	0	0	false
383	3	340	149	9049	3071	0	0	false
383	4	348	141	8099	3071	0	0	false
384	0	310	121	9006	3071	0	0	true
384	1	329	143	9011	3071	0	0	false
384	2	327	134	9041	3071	0	0	false
384	3	332	144	9004	3071	0	0	false
384	4	340	136	9001	3071	0	0	false
385	0	302	116	9006	3071	0	0	true
385	1	322	138	9024	3071	0	0	false
385	2	320	129	9031	3071	0	0	false
385	3	324	139	9048	3071	0	0	false
385	4	333	132	9037	3071	0	0	false
386	0	295	111	9006	3071	0	0	true
386	1	314	133	8097	3071	0	0	false
386	2	312	124	8098	3071	0	0	false
386	3	316	134	9029	3071	0	0	false
386	4	325	127	9021	3071	0	0	false
387	0	287	106	9006	3071	0	0	true
387	1	306	128	9041	3071	0	0	false
387	2	304	119	8076	3071	0	0	false
387	3	308	129	8068	3071	0	0	false
387	4	317	122	808	3071	0	0	false
388	0	279	101	9006	3071	0	0	true
388	1	298	123	8069	3071	0	0	false
388	2	297	115	8092	3071	0	0	false
388	3	301	124	9014	3071	0	0	false
388	4	310	117	9037	3071	0	0	false
