maxsimulationtime=1000	models=Nomadic	sdr=0.05	leadersmodeloffset=0.0,0.0,	locationinitializer=random initializer	bias=0.0	scale=1.0	distribution=jsc.distributions.Uniform	params=0.0,1.0,	bias=0.0	scale=1.0	distribution=jsc.distributions.Uniform	params=0.0,1.0,	maps=squarereflect	width=500	height=500	rangealgorithms=NullPowerAlgorithm	groupsizes=1,	walkingtime=20	bias=0.0	scale=1.0	distribution=jsc.distributions.Uniform	params=0.0,1.0,	bias=0.0	scale=1.0	distribution=jsc.distributions.Uniform	params=0.0,1.0,	selected=random initializer	width=500	height=500	selected=squarereflect	selected=NullPowerAlgorithm	maxspeed=10	minspeed=5	maxpausetime=10	selected=Random Walk	maxinitialdistance=30	extratraces=true	pergrouprange=true	adr=0.05	nodenumber=5	defaultfilter=edu.sharif.ce.dml.common.data.trace.filter.DirectoryFilter	fileaddress=output	isinput=false	multiple=false	filenamegenerator=simple	seed=outputtrace	numberiterate=true	tracewriter=text
Time	Node	PositionX	PositionY	Speed	Direction Angle	Range	GroupNumber	Is Leader
1	0	392	346	9017	2028	0	0	true
1	1	362	327	9033	2057	0	0	false
1	2	368	360	809	2035	0	0	false
1	3	382	351	9045	2056	0	0	false
1	4	362	372	9012	2056	0	0	false
2	0	386	353	9017	2028	0	0	true
2	1	354	332	9009	2001	0	0	false
2	2	362	367	9063	2034	0	0	false
2	3	374	356	9045	2027	0	0	false
2	4	354	377	9007	2022	0	0	false
3	0	380	360	9017	2028	0	0	true
3	1	350	341	9061	2011	0	0	false
3	2	355	374	8081	2014	0	0	false
3	3	368	363	8096	2036	0	0	false
3	4	348	384	9058	2042	0	0	false
4	0	374	367	9017	2028	0	0	true
4	1	345	349	9017	2041	0	0	false
4	2	350	381	8072	2014	0	0	false
4	3	362	370	902	2051	0	0	false
4	4	341	391	9062	2001	0	0	false
5	0	368	373	9017	2028	0	0	true
5	1	338	355	8086	2033	0	0	false
5	2	345	388	8076	2058	0	0	false
5	3	354	375	9034	2059	0	0	false
5	4	337	399	9052	2057	0	0	false
6	0	362	380	9017	2028	0	0	true
6	1	332	361	905	2019	0	0	false
6	2	338	393	9019	2	0	0	false
6	3	346	380	906	2026	0	0	false
6	4	329	405	9025	2027	0	0	false
7	0	356	387	9017	2028	0	0	true
7	1	327	369	9063	2013	0	0	false
7	2	334	401	9061	2029	0	0	false
7	3	340	387	9047	2042	0	0	false
7	4	323	412	905	2022	0	0	false
8	0	350	394	9017	2028	0	0	true
8	1	322	377	9043	2045	0	0	false
8	2	328	409	9025	2008	0	0	false
8	3	333	394	8088	2049	0	0	false
8	4	317	419	9023	2053	0	0	false
9	0	344	401	9017	2028	0	0	true
9	1	314	383	9004	2057	0	0	false
9	2	323	417	9031	2003	0	0	false
9	3	326	399	9026	2044	0	0	false
9	4	310	424	8093	205	0	0	false
10	0	338	408	9017	2028	0	0	true
10	1	307	388	9054	2039	0	0	false
10	2	319	425	903	2059	0	0	false
10	3	319	405	808	2033	0	0	false
10	4	303	430	9011	2035	0	0	false
11	0	332	415	9017	2028	0	0	true
11	1	300	395	9003	2042	0	0	false
11	2	311	430	8097	2055	0	0	false
11	3	313	411	8072	2049	0	0	false
11	4	296	436	9026	2055	0	0	false
12	0	326	422	9017	2028	0	0	true
12	1	293	401	8099	2021	0	0	false
12	2	304	435	9031	2051	0	0	false
12	3	306	417	8074	2037	0	0	false
12	4	289	441	9	2014	0	0	false
13	0	320	429	9017	2028	0	0	true
13	1	288	408	902	2013	0	0	false
13	2	296	440	8093	2035	0	0	false
13	3	300	423	9003	2021	0	0	false
13	4	284	449	9007	2054	0	0	false
14	0	314	436	9017	2028	0	0	true
14	1	283	416	9051	2056	0	0	false
14	2	290	447	9015	2022	0	0	false
14	3	294	430	9027	2004	0	0	false
14	4	276	454	9054	2021	0	0	false
15	0	308	443	9017	2028	0	0	true
15	1	275	421	9025	2008	0	0	false
15	2	285	454	8094	2011	0	0	false
15	3	290	438	9058	2039	0	0	false
15	4	271	462	9	2007	0	0	false
16	0	302	450	9017	2028	0	0	true
16	1	270	429	9011	203	0	0	false
16	2	280	462	8084	2024	0	0	false
16	3	283	445	9017	2036	0	0	false
16	4	266	470	9	2046	0	0	false
17	0	296	457	9017	2028	0	0	true
17	1	264	436	8073	2035	0	0	false
17	2	274	469	9043	2018	0	0	false
17	3	277	451	8075	2012	0	0	false
17	4	259	475	9046	204	0	0	false
18	0	290	464	9017	2028	0	0	true
18	1	258	442	8085	2026	0	0	false
18	2	269	476	9001	1099	0	0	false
18	3	272	459	9026	2008	0	0	false
18	4	252	482	9013	2024	0	0	false
19	0	284	471	9017	2028	0	0	true
19	1	252	449	9003	2042	0	0	false
19	2	265	485	9054	2016	0	0	false
19	3	268	467	9002	2032	0	0	false
19	4	247	489	9006	2012	0	0	false
20	0	278	478	9017	2028	0	0	true
20	1	246	455	9029	2021	0	0	false
20	2	260	493	9042	2028	0	0	false
20	3	261	473	9063	2036	0	0	false
20	4	242	497	8096	2056	0	0	false
21	0	275	486	8046	109	0	0	true
21	1	240	462	8024	2009	0	0	false
21	2	254	499	8078	1096	0	0	false
21	3	255	480	8032	1065	0	0	false
21	4	234	497	8043	1097	0	0	false
22	0	272	494	8046	109	0	0	true
22	1	236	469	8041	2001	0	0	false
22	2	251	492	8047	2003	0	0	false
22	3	254	488	8015	2014	0	0	false
22	4	231	494	8067	1098	0	0	false
23	0	270	497	8046	4039	0	0	true
23	1	232	477	804	4021	0	0	false
23	2	247	499	8059	4012	0	0	false
23	3	249	495	8006	4038	0	0	false
23	4	228	497	8008	4063	0	0	false
24	0	267	489	8046	4039	0	0	true
24	1	228	470	8074	4029	0	0	false
24	2	242	492	803	4066	0	0	false
24	3	247	488	8062	4057	0	0	false
24	4	227	489	8087	4057	0	0	false
25	0	264	481	8046	4039	0	0	true
25	1	225	462	8076	4024	0	0	false
25	2	242	484	8054	4062	0	0	false
25	3	246	479	8083	4029	0	0	false
25	4	226	480	801	4041	0	0	false
26	0	262	473	8046	4039	0	0	true
26	1	221	454	8052	4066	0	0	false
26	2	241	475	806	4065	0	0	false
26	3	242	471	8051	4011	0	0	false
26	4	223	473	8079	4048	0	0	false
27	0	259	465	8046	4039	0	0	true
27	1	220	445	8042	4027	0	0	false
27	2	240	467	8021	4009	0	0	false
27	3	237	464	8035	4017	0	0	false
27	4	221	464	8072	4042	0	0	false
28	0	256	457	8046	4039	0	0	true
28	1	217	438	8021	4065	0	0	false
28	2	236	460	8088	4065	0	0	false
28	3	233	457	8063	4012	0	0	false
28	4	219	456	8007	4018	0	0	false
29	0	253	449	8046	4039	0	0	true
29	1	216	430	8078	4032	0	0	false
29	2	235	451	8081	402	0	0	false
29	3	228	450	8058	4065	0	0	false
29	4	215	449	8028	4023	0	0	false
30	0	251	441	8046	4039	0	0	true
30	1	213	421	8038	4062	0	0	false
30	2	231	444	8036	4047	0	0	false
30	3	227	441	8049	4025	0	0	false
30	4	211	442	806	4025	0	0	false
31	0	248	433	8046	4039	0	0	true
31	1	212	413	8041	4022	0	0	false
31	2	229	435	8018	4063	0	0	false
31	3	224	434	8023	4062	0	0	false
31	4	207	434	8026	4017	0	0	false
32	0	245	425	8046	4039	0	0	true
32	1	208	406	8053	4033	0	0	false
32	2	228	427	8082	4021	0	0	false
32	3	223	425	8007	4021	0	0	false
32	4	203	427	8039	403	0	0	false
33	0	243	417	8046	4039	0	0	true
33	1	205	398	8043	4036	0	0	false
33	2	224	420	8063	4033	0	0	false
33	3	219	418	8029	4027	0	0	false
33	4	199	419	805	4018	0	0	false
34	0	240	409	8046	4039	0	0	true
34	1	202	390	8038	4015	0	0	false
34	2	221	412	8042	4021	0	0	false
34	3	215	411	8075	4067	0	0	false
34	4	195	412	8023	4065	0	0	false
35	0	237	401	8046	4039	0	0	true
35	1	198	383	8035	4013	0	0	false
35	2	216	404	8025	4023	0	0	false
35	3	215	402	8088	4008	0	0	false
35	4	195	404	8053	4057	0	0	false
36	0	235	393	8046	4039	0	0	true
36	1	193	376	8053	407	0	0	false
36	2	213	397	8049	4044	0	0	false
36	3	210	395	8064	4024	0	0	false
36	4	193	395	805	403	0	0	false
37	0	232	385	8046	4039	0	0	true
37	1	193	367	8013	4009	0	0	false
37	2	210	389	8079	4066	0	0	false
37	3	206	387	8016	402	0	0	false
37	4	190	387	8036	4057	0	0	false
38	0	229	377	8046	4039	0	0	true
38	1	188	361	8011	4058	0	0	false
38	2	210	380	8009	4021	0	0	false
38	3	202	380	8059	4065	0	0	false
38	4	189	379	8035	4052	0	0	false
39	0	226	369	8046	4039	0	0	true
39	1	187	353	8043	4045	0	0	false
39	2	206	373	8015	4038	0	0	false
39	3	201	372	8005	4022	0	0	false
39	4	187	371	807	4062	0	0	false
40	0	224	361	8046	4039	0	0	true
40	1	185	344	8056	4019	0	0	false
40	2	203	365	8016	4056	0	0	false
40	3	197	364	8039	4043	0	0	false
40	4	186	362	8049	4029	0	0	false
41	0	225	356	5023	4095	0	0	true
41	1	181	337	5029	4092	0	0	false
41	2	202	357	5025	4064	0	0	false
41	3	195	356	4097	5009	0	0	false
41	4	183	354	5033	4098	0	0	false
42	0	226	351	5023	4095	0	0	true
42	1	182	332	503	5021	0	0	false
42	2	202	352	503	502	0	0	false
42	3	197	352	5045	4097	0	0	false
42	4	184	349	5023	408	0	0	false
43	0	227	346	5023	4095	0	0	true
43	1	184	327	5029	5009	0	0	false
43	2	204	347	5027	5014	0	0	false
43	3	198	347	5022	4071	0	0	false
43	4	185	344	5042	501	0	0	false
44	0	229	341	5023	4095	0	0	true
44	1	186	322	5038	501	0	0	false
44	2	206	342	5011	4089	0	0	false
44	3	198	341	5044	4079	0	0	false
44	4	187	339	5003	4081	0	0	false
45	0	230	336	5023	4095	0	0	true
45	1	188	317	5	5002	0	0	false
45	2	207	337	5032	4071	0	0	false
45	3	199	336	5006	4097	0	0	false
45	4	187	334	5023	4098	0	0	false
46	0	231	331	5023	4095	0	0	true
46	1	190	313	5037	5011	0	0	false
46	2	207	332	5037	408	0	0	false
46	3	200	331	5031	4097	0	0	false
46	4	189	329	5	4066	0	0	false
47	0	232	325	5023	4095	0	0	true
47	1	192	308	5023	5016	0	0	false
47	2	208	327	5037	5019	0	0	false
47	3	201	326	5043	5002	0	0	false
47	4	188	324	5037	5017	0	0	false
48	0	234	320	5023	4095	0	0	true
48	1	194	303	5004	4065	0	0	false
48	2	210	322	5027	5024	0	0	false
48	3	203	321	5033	4087	0	0	false
48	4	191	319	5039	4066	0	0	false
49	0	235	315	5023	4095	0	0	true
49	1	194	298	5022	5023	0	0	false
49	2	213	317	5023	4091	0	0	false
49	3	204	315	5013	4075	0	0	false
49	4	190	314	5008	5013	0	0	false
50	0	236	310	5023	4095	0	0	true
50	1	196	293	5012	5016	0	0	false
50	2	214	312	5013	4067	0	0	false
50	3	204	310	5017	5024	0	0	false
50	4	193	309	5003	407	0	0	false
51	0	237	305	5023	4095	0	0	true
51	1	198	289	5041	4089	0	0	false
51	2	214	307	5022	4078	0	0	false
51	3	207	306	5047	408	0	0	false
51	4	193	304	5025	4093	0	0	false
52	0	238	300	5023	4095	0	0	true
52	1	199	283	504	4094	0	0	false
52	2	214	302	5005	4096	0	0	false
52	3	207	300	5031	4091	0	0	false
52	4	194	299	5015	4072	0	0	false
53	0	240	295	5023	4095	0	0	true
53	1	201	278	5026	4076	0	0	false
53	2	215	297	5049	4068	0	0	false
53	3	208	295	504	409	0	0	false
53	4	194	294	504	5005	0	0	false
54	0	241	290	5023	4095	0	0	true
54	1	201	273	5037	5007	0	0	false
54	2	215	291	5004	4087	0	0	false
54	3	209	290	5023	4078	0	0	false
54	4	196	289	5044	5025	0	0	false
55	0	242	285	5023	4095	0	0	true
55	1	203	268	5016	4075	0	0	false
55	2	216	286	504	4069	0	0	false
55	3	210	285	5049	4086	0	0	false
55	4	198	284	5003	4069	0	0	false
56	0	243	280	5023	4095	0	0	true
56	1	203	263	5046	4071	0	0	false
56	2	216	281	5026	5017	0	0	false
56	3	210	279	5044	5006	0	0	false
56	4	198	279	5043	4073	0	0	false
57	0	245	275	5023	4095	0	0	true
57	1	203	257	5047	5013	0	0	false
57	2	218	276	5025	4087	0	0	false
57	3	212	274	5039	5002	0	0	false
57	4	198	274	5022	5006	0	0	false
58	0	246	270	5023	4095	0	0	true
58	1	205	252	5049	4088	0	0	false
58	2	219	271	5007	5018	0	0	false
58	3	214	269	5024	4083	0	0	false
58	4	200	269	504	5018	0	0	false
59	0	247	264	5023	4095	0	0	true
59	1	206	247	5004	5004	0	0	false
59	2	221	267	5034	4078	0	0	false
59	3	214	264	501	4098	0	0	false
59	4	202	264	5009	4094	0	0	false
60	0	248	259	5023	4095	0	0	true
60	1	208	242	5036	4086	0	0	false
60	2	222	261	5041	5025	0	0	false
60	3	216	259	5031	4089	0	0	false
60	4	204	259	5023	5015	0	0	false
61	0	251	266	7045	102	0	0	true
61	1	209	237	7064	0099	0	0	false
61	2	224	257	7061	1033	0	0	false
61	3	217	254	7069	1021	0	0	false
61	4	206	254	7081	1039	0	0	false
62	0	254	273	7045	102	0	0	true
62	1	213	243	7036	1029	0	0	false
62	2	226	264	7013	1004	0	0	false
62	3	220	261	7076	1006	0	0	false
62	4	207	262	7049	1046	0	0	false
63	0	256	280	7045	102	0	0	true
63	1	215	250	7056	1014	0	0	false
63	2	230	270	7081	105	0	0	false
63	3	223	268	7068	0093	0	0	false
63	4	208	269	7064	1014	0	0	false
64	0	259	287	7045	102	0	0	true
64	1	218	257	704	0092	0	0	false
64	2	230	278	7024	1027	0	0	false
64	3	228	274	7046	1043	0	0	false
64	4	211	276	7053	1019	0	0	false
65	0	262	294	7045	102	0	0	true
65	1	222	263	7032	1005	0	0	false
65	2	232	285	7055	1023	0	0	false
65	3	229	281	7043	1007	0	0	false
65	4	214	283	7012	0097	0	0	false
66	0	264	301	7045	102	0	0	true
66	1	226	269	7041	1001	0	0	false
66	2	235	292	7011	1051	0	0	false
66	3	232	288	703	104	0	0	false
66	4	218	289	7049	1036	0	0	false
67	0	267	308	7045	102	0	0	true
67	1	230	276	7071	1047	0	0	false
67	2	235	299	7058	1025	0	0	false
67	3	234	295	7049	0095	0	0	false
67	4	220	296	7078	1046	0	0	false
68	0	270	315	7045	102	0	0	true
68	1	231	283	7027	1022	0	0	false
68	2	238	306	7037	1051	0	0	false
68	3	238	301	7031	1042	0	0	false
68	4	221	304	7066	1023	0	0	false
69	0	272	322	7045	102	0	0	true
69	1	233	290	7031	1002	0	0	false
69	2	238	314	7049	1014	0	0	false
69	3	239	308	706	0099	0	0	false
69	4	223	311	7023	1036	0	0	false
70	0	275	329	7045	102	0	0	true
70	1	237	296	7033	1041	0	0	false
70	2	241	320	7081	1022	0	0	false
70	3	243	315	701	1011	0	0	false
70	4	225	319	7008	0095	0	0	false
71	0	278	336	7045	102	0	0	true
71	1	238	303	705	1026	0	0	false
71	2	244	328	7042	104	0	0	false
71	3	246	321	7071	102	0	0	false
71	4	229	324	7028	1051	0	0	false
72	0	280	343	7045	102	0	0	true
72	1	241	311	7022	1032	0	0	false
72	2	245	335	7076	0097	0	0	false
72	3	249	328	7018	1018	0	0	false
72	4	229	332	7012	1025	0	0	false
73	0	283	350	7045	102	0	0	true
73	1	242	318	705	1009	0	0	false
73	2	250	342	7081	1031	0	0	false
73	3	252	335	7045	009	0	0	false
73	4	231	338	7067	1003	0	0	false
74	0	286	357	7045	102	0	0	true
74	1	246	324	7061	1002	0	0	false
74	2	252	349	7065	0098	0	0	false
74	3	257	341	7017	1007	0	0	false
74	4	235	345	704	102	0	0	false
75	0	288	364	7045	102	0	0	true
75	1	250	331	7058	1037	0	0	false
75	2	256	355	7077	1024	0	0	false
75	3	260	347	7071	1031	0	0	false
75	4	238	352	7042	1004	0	0	false
76	0	291	371	7045	102	0	0	true
76	1	251	338	7053	1006	0	0	false
76	2	258	363	7029	1049	0	0	false
76	3	262	354	7034	0089	0	0	false
76	4	242	358	7037	1008	0	0	false
77	0	294	378	7045	102	0	0	true
77	1	255	345	7043	1043	0	0	false
77	2	259	370	7066	1048	0	0	false
77	3	267	360	7066	1025	0	0	false
77	4	245	365	7037	1027	0	0	false
78	0	296	384	7045	102	0	0	true
78	1	256	352	7061	0096	0	0	false
78	2	260	378	7049	0094	0	0	false
78	3	269	367	7076	1002	0	0	false
78	4	247	372	7079	0093	0	0	false
79	0	299	391	7045	102	0	0	true
79	1	260	358	7049	1036	0	0	false
79	2	264	384	7011	1002	0	0	false
79	3	273	374	7071	1032	0	0	false
79	4	252	378	7078	1009	0	0	false
80	0	302	398	7045	102	0	0	true
80	1	262	366	7039	1014	0	0	false
80	2	268	390	7068	1015	0	0	false
80	3	275	381	7074	0092	0	0	false
80	4	256	385	7036	1006	0	0	false
81	0	307	393	7094	5048	0	0	true
81	1	265	372	7079	5033	0	0	false
81	2	271	397	8026	5053	0	0	false
81	3	280	387	8026	5019	0	0	false
81	4	259	391	8033	5053	0	0	false
82	0	313	387	7094	5048	0	0	true
82	1	269	366	8022	5033	0	0	false
82	2	277	391	7097	5059	0	0	false
82	3	284	380	7095	5054	0	0	false
82	4	265	386	706	5046	0	0	false
83	0	318	381	7094	5048	0	0	true
83	1	274	359	7084	502	0	0	false
83	2	283	386	8028	5059	0	0	false
83	3	289	375	7069	5047	0	0	false
83	4	271	380	7061	5067	0	0	false
84	0	324	376	7094	5048	0	0	true
84	1	278	352	8024	5047	0	0	false
84	2	289	381	802	5045	0	0	false
84	3	295	369	8005	5021	0	0	false
84	4	277	376	7078	5049	0	0	false
85	0	329	370	7094	5048	0	0	true
85	1	284	346	8016	5055	0	0	false
85	2	295	375	7085	5046	0	0	false
85	3	299	362	8031	5044	0	0	false
85	4	282	370	8033	5024	0	0	false
86	0	335	364	7094	5048	0	0	true
86	1	290	341	706	5047	0	0	false
86	2	300	369	8018	5042	0	0	false
86	3	304	356	7075	5073	0	0	false
86	4	287	363	7058	5033	0	0	false
87	0	340	358	7094	5048	0	0	true
87	1	295	335	8003	5078	0	0	false
87	2	306	363	8017	5048	0	0	false
87	3	311	352	7069	5057	0	0	false
87	4	291	357	7065	5031	0	0	false
88	0	346	353	7094	5048	0	0	true
88	1	302	332	7098	5037	0	0	false
88	2	311	357	7089	5052	0	0	false
88	3	316	347	7079	5071	0	0	false
88	4	295	350	7091	5074	0	0	false
89	0	351	347	7094	5048	0	0	true
89	1	307	325	8016	5063	0	0	false
89	2	317	351	8025	502	0	0	false
89	3	323	343	8003	5057	0	0	false
89	4	302	346	7088	5041	0	0	false
90	0	357	341	7094	5048	0	0	true
90	1	313	320	7062	5057	0	0	false
90	2	321	344	7072	5048	0	0	false
90	3	329	337	7079	5041	0	0	false
90	4	307	340	8012	5023	0	0	false
91	0	362	335	7094	5048	0	0	true
91	1	319	315	7076	5038	0	0	false
91	2	326	339	8027	5058	0	0	false
91	3	334	331	7071	5042	0	0	false
91	4	311	333	8011	5025	0	0	false
92	0	368	330	7094	5048	0	0	true
92	1	324	309	7075	5063	0	0	false
92	2	333	333	7077	5061	0	0	false
92	3	339	325	8031	5021	0	0	false
92	4	315	326	8026	5048	0	0	false
93	0	373	324	7094	5048	0	0	true
93	1	330	304	707	5023	0	0	false
93	2	339	328	7097	505	0	0	false
93	3	343	318	7062	5061	0	0	false
93	4	321	320	7064	5075	0	0	false
94	0	379	318	7094	5048	0	0	true
94	1	334	298	707	5042	0	0	false
94	2	344	323	7077	5027	0	0	false
94	3	349	313	8008	5079	0	0	false
94	4	328	316	8011	5071	0	0	false
95	0	384	313	7094	5048	0	0	true
95	1	339	292	8007	5019	0	0	false
95	2	348	316	8025	5046	0	0	false
95	3	356	310	8017	5053	0	0	false
95	4	334	312	7098	5059	0	0	false
96	0	390	307	7094	5048	0	0	true
96	1	342	285	8026	5076	0	0	false
96	2	354	310	801	5071	0	0	false
96	3	362	304	7099	504	0	0	false
96	4	340	307	8033	5017	0	0	false
97	0	395	301	7094	5048	0	0	true
97	1	350	281	7082	5029	0	0	false
97	2	361	306	7077	5072	0	0	false
97	3	367	298	706	504	0	0	false
97	4	344	299	7054	5032	0	0	false
98	0	401	295	7094	5048	0	0	true
98	1	354	274	7073	5077	0	0	false
98	2	367	302	7059	5044	0	0	false
98	3	372	292	7086	5029	0	0	false
98	4	348	293	8031	5022	0	0	false
99	0	406	290	7094	5048	0	0	true
99	1	361	270	7064	5018	0	0	false
99	2	372	296	7056	5041	0	0	false
99	3	376	285	7058	507	0	0	false
99	4	352	286	7061	5067	0	0	false
100	0	412	284	7094	5048	0	0	true
100	1	364	263	7069	5042	0	0	false
100	2	377	290	7091	506	0	0	false
100	3	383	281	8027	5078	0	0	false
100	4	359	282	7067	5074	0	0	false
101	0	412	289	5029	1043	0	0	true
101	1	369	258	5045	103	0	0	false
101	2	383	285	5053	1071	0	0	false
101	3	390	277	5022	102	0	0	false
101	4	365	278	5007	1023	0	0	false
102	0	413	294	5029	1043	0	0	true
102	1	370	263	5003	1035	0	0	false
102	2	383	291	5009	1044	0	0	false
102	3	392	282	5015	1055	0	0	false
102	4	367	282	5029	1064	0	0	false
103	0	414	300	5029	1043	0	0	true
103	1	372	268	5017	106	0	0	false
103	2	383	296	5008	1052	0	0	false
103	3	392	287	5048	1061	0	0	false
103	4	367	288	5004	1021	0	0	false
104	0	415	305	5029	1043	0	0	true
104	1	371	273	5039	1057	0	0	false
104	2	384	301	5008	1013	0	0	false
104	3	392	293	502	1041	0	0	false
104	4	368	292	5013	1073	0	0	false
105	0	415	310	5029	1043	0	0	true
105	1	371	278	502	1073	0	0	false
105	2	386	305	5032	1031	0	0	false
105	3	393	298	5025	1026	0	0	false
105	4	368	297	5014	1063	0	0	false
106	0	416	315	5029	1043	0	0	true
106	1	371	283	5055	1032	0	0	false
106	2	387	310	5037	1073	0	0	false
106	3	394	303	503	1027	0	0	false
106	4	367	303	505	1046	0	0	false
107	0	417	321	5029	1043	0	0	true
107	1	372	289	5018	1057	0	0	false
107	2	386	316	5052	1033	0	0	false
107	3	396	308	5013	1064	0	0	false
107	4	368	308	5028	1022	0	0	false
108	0	418	326	5029	1043	0	0	true
108	1	372	294	5005	1061	0	0	false
108	2	388	321	5025	1037	0	0	false
108	3	395	313	5034	1065	0	0	false
108	4	370	313	5047	1049	0	0	false
109	0	418	331	5029	1043	0	0	true
109	1	372	299	5003	1025	0	0	false
109	2	389	326	5003	1025	0	0	false
109	3	395	318	5004	1064	0	0	false
109	4	370	318	5042	1028	0	0	false
110	0	419	336	5029	1043	0	0	true
110	1	373	304	5033	1048	0	0	false
110	2	390	331	5003	1014	0	0	false
110	3	395	323	5004	1028	0	0	false
110	4	372	324	5033	1069	0	0	false
111	0	420	342	5029	1043	0	0	true
111	1	374	309	5047	1029	0	0	false
111	2	392	336	502	1057	0	0	false
111	3	396	328	5004	1018	0	0	false
111	4	371	329	504	1019	0	0	false
112	0	421	347	5029	1043	0	0	true
112	1	375	314	5013	1063	0	0	false
112	2	392	341	5024	1057	0	0	false
112	3	398	333	5018	1062	0	0	false
112	4	373	334	5054	1019	0	0	false
113	0	421	352	5029	1043	0	0	true
113	1	375	320	5024	1053	0	0	false
113	2	392	346	5045	1065	0	0	false
113	3	398	338	5045	1074	0	0	false
113	4	375	339	5027	1025	0	0	false
114	0	422	357	5029	1043	0	0	true
114	1	375	325	5038	1023	0	0	false
114	2	392	352	5031	1059	0	0	false
114	3	397	343	5015	1064	0	0	false
114	4	377	344	502	1058	0	0	false
115	0	423	363	5029	1043	0	0	true
115	1	377	330	5024	1062	0	0	false
115	2	392	357	5011	105	0	0	false
115	3	396	348	501	1064	0	0	false
115	4	377	349	5017	103	0	0	false
116	0	424	368	5029	1043	0	0	true
116	1	377	335	5026	106	0	0	false
116	2	392	362	5009	1044	0	0	false
116	3	396	354	5006	1028	0	0	false
116	4	378	354	5008	1064	0	0	false
117	0	424	373	5029	1043	0	0	true
117	1	377	340	5009	106	0	0	false
117	2	393	367	5019	1051	0	0	false
117	3	398	358	5017	1058	0	0	false
117	4	378	359	502	1064	0	0	false
118	0	425	378	5029	1043	0	0	true
118	1	377	345	5014	1015	0	0	false
118	2	393	372	5026	1013	0	0	false
118	3	397	364	5011	1045	0	0	false
118	4	377	364	5043	1044	0	0	false
119	0	426	384	5029	1043	0	0	true
119	1	379	350	5003	105	0	0	false
119	2	395	377	5048	1058	0	0	false
119	3	398	369	503	1062	0	0	false
119	4	378	370	504	1063	0	0	false
120	0	426	389	5029	1043	0	0	true
120	1	379	355	504	1065	0	0	false
120	2	395	382	5043	1057	0	0	false
120	3	398	374	5028	1041	0	0	false
120	4	378	375	5003	107	0	0	false
121	0	434	385	8069	5077	0	0	true
121	1	379	361	8048	506	0	0	false
121	2	395	388	8071	5093	0	0	false
121	3	399	379	8039	5052	0	0	false
121	4	377	380	8057	5065	0	0	false
122	0	442	380	8069	5077	0	0	true
122	1	385	355	8061	5062	0	0	false
122	2	403	385	8025	508	0	0	false
122	3	405	373	8045	5066	0	0	false
122	4	384	375	8063	6005	0	0	false
123	0	449	376	8069	5077	0	0	true
123	1	392	350	8045	505	0	0	false
123	2	411	381	9011	5046	0	0	false
123	3	412	368	8049	5054	0	0	false
123	4	392	373	8078	6007	0	0	false
124	0	457	372	8069	5077	0	0	true
124	1	398	344	8071	5075	0	0	false
124	2	417	374	8077	5053	0	0	false
124	3	418	363	807	5073	0	0	false
124	4	401	371	9003	507	0	0	false
125	0	464	367	8069	5077	0	0	true
125	1	405	339	8092	6002	0	0	false
125	2	423	368	9003	5052	0	0	false
125	3	425	358	8062	5065	0	0	false
125	4	409	366	8083	6	0	0	false
126	0	472	363	8069	5077	0	0	true
126	1	414	337	8078	5064	0	0	false
126	2	430	362	901	6008	0	0	false
126	3	432	353	808	6008	0	0	false
126	4	417	364	8068	5052	0	0	false
127	0	479	359	8069	5077	0	0	true
127	1	421	332	8064	5048	0	0	false
127	2	439	360	8039	5084	0	0	false
127	3	441	351	8027	5086	0	0	false
127	4	423	358	8029	5078	0	0	false
128	0	487	355	8069	5077	0	0	true
128	1	427	326	8076	5047	0	0	false
128	2	446	357	8029	6004	0	0	false
128	3	448	348	8085	5081	0	0	false
128	4	431	354	8026	5081	0	0	false
129	0	495	350	8069	5077	0	0	true
129	1	433	319	8058	5048	0	0	false
129	2	454	355	8025	5068	0	0	false
129	3	456	344	8074	6007	0	0	false
129	4	438	350	8086	5062	0	0	false
130	0	497	346	8069	3066	0	0	true
130	1	439	313	8095	3059	0	0	false
130	2	461	350	806	3072	0	0	false
130	3	465	342	8091	3064	0	0	false
130	4	445	345	8086	3086	0	0	false
