maxsimulationtime=1000	models=Centroid	sdr=0.05	leadersmodeloffset=0.0,0.0,	locationinitializer=random initializer	bias=0.0	scale=1.0	distribution=jsc.distributions.Uniform	params=0.0,1.0,	bias=0.0	scale=1.0	distribution=jsc.distributions.Uniform	params=0.0,1.0,	maps=squarereflect	width=500	height=500	rangealgorithms=NullPowerAlgorithm	groupsizes=10,	bias=0.0	scale=1.0	distribution=jsc.distributions.Uniform	params=0.0,1.0,	bias=0.0	scale=1.0	distribution=jsc.distributions.Uniform	params=0.0,1.0,	selected=random initializer	width=500	height=500	selected=squarereflect	selected=NullPowerAlgorithm	maxspeed=10	minspeed=5	maxpausetime=10	selected=Random WayPoint	maxinitialdistance=30	extratraces=true	pergrouprange=false	adr=0.05	nodenumber=10	defaultfilter=edu.sharif.ce.dml.common.data.trace.filter.DirectoryFilter	fileaddress=output	isinput=false	multiple=false	filenamegenerator=simple	seed=outputtrace	numberiterate=true	tracewriter=text
Time	Node	PositionX	PositionY	Speed	Direction Angle	Range	GroupNumber	Is Leader
1	0	423	402	8021	4043	0	0	true
1	1	415	388	8023	1003	0	0	false
1	2	401	417	8038	5069	0	0	false
1	3	413	403	7096	6016	0	0	false
1	4	427	400	8008	2063	0	0	false
1	5	438	377	8016	2011	0	0	false
1	6	416	397	8059	0054	0	0	false
1	7	449	423	8018	3085	0	0	false
1	8	425	420	8054	4061	0	0	false
1	9	405	428	8036	5035	0	0	false
2	0	421	394	8021	4043	0	0	true
2	1	419	395	8053	009	0	0	false
2	2	407	413	7098	5053	0	0	false
2	3	421	402	7093	5049	0	0	false
2	4	420	404	7094	4033	0	0	false
2	5	434	384	8019	2025	0	0	false
2	6	423	402	8013	5078	0	0	false
2	7	443	418	8011	3092	0	0	false
2	8	424	412	8058	4057	0	0	false
2	9	410	421	7084	5025	0	0	false
3	0	419	386	8021	4043	0	0	true
3	1	425	401	7082	5083	0	0	false
3	2	413	407	8029	5038	0	0	false
3	3	427	397	7092	4083	0	0	false
3	4	417	396	804	4043	0	0	false
3	5	428	391	8009	2046	0	0	false
3	6	430	398	8017	4024	0	0	false
3	7	437	412	8053	3098	0	0	false
3	8	423	403	801	4054	0	0	false
3	9	414	414	8019	5015	0	0	false
4	0	417	378	8021	4043	0	0	true
4	1	432	398	8027	3089	0	0	false
4	2	418	401	8002	5022	0	0	false
4	3	427	389	8004	4056	0	0	false
4	4	414	388	8033	4043	0	0	false
4	5	422	396	8053	2082	0	0	false
4	6	426	391	8019	4044	0	0	false
4	7	431	406	8038	4004	0	0	false
4	8	422	395	8048	4052	0	0	false
4	9	418	407	8014	5005	0	0	false
5	0	414	370	8021	4043	0	0	true
5	1	425	392	8042	4041	0	0	false
5	2	422	394	7084	5009	0	0	false
5	3	426	381	8013	4047	0	0	false
5	4	412	380	8024	4043	0	0	false
5	5	414	399	8046	3039	0	0	false
5	6	424	383	8013	4043	0	0	false
5	7	426	399	8006	4009	0	0	false
5	8	420	387	8	405	0	0	false
5	9	420	399	8021	4097	0	0	false
6	0	412	362	8021	4043	0	0	true
6	1	423	384	803	4043	0	0	false
6	2	425	386	7098	4096	0	0	false
6	3	424	373	7087	4045	0	0	false
6	4	410	372	8005	4043	0	0	false
6	5	406	397	8038	3097	0	0	false
6	6	422	375	8044	4043	0	0	false
6	7	421	393	8	4013	0	0	false
6	8	418	379	805	4048	0	0	false
6	9	422	391	8016	409	0	0	false
7	0	410	354	8021	4043	0	0	true
7	1	421	376	8039	4043	0	0	false
7	2	427	379	8013	4086	0	0	false
7	3	422	365	8028	4044	0	0	false
7	4	408	365	8011	4043	0	0	false
7	5	400	390	8017	4027	0	0	false
7	6	420	367	7084	4043	0	0	false
7	7	417	386	8055	4017	0	0	false
7	8	417	371	8027	4047	0	0	false
7	9	424	383	7095	4083	0	0	false
8	0	408	346	8021	4043	0	0	true
8	1	418	368	8029	4043	0	0	false
8	2	428	371	8007	4078	0	0	false
8	3	420	357	7097	4044	0	0	false
8	4	405	357	8002	4043	0	0	false
8	5	397	383	8028	4038	0	0	false
8	6	417	359	8057	4043	0	0	false
8	7	413	379	8037	4021	0	0	false
8	8	415	363	8047	4046	0	0	false
8	9	425	375	7095	4077	0	0	false
9	0	405	339	8021	4043	0	0	true
9	1	416	360	8047	4043	0	0	false
9	2	429	363	8021	4071	0	0	false
9	3	418	350	8029	4043	0	0	false
9	4	403	349	8048	4043	0	0	false
9	5	394	375	802	4042	0	0	false
9	6	415	351	8051	4043	0	0	false
9	7	409	371	8022	4024	0	0	false
9	8	412	355	8003	4046	0	0	false
9	9	425	368	7084	4072	0	0	false
10	0	403	331	8021	4043	0	0	true
10	1	414	352	8048	4043	0	0	false
10	2	429	354	7084	4065	0	0	false
10	3	416	342	8029	4043	0	0	false
10	4	401	341	8016	4043	0	0	false
10	5	392	367	7099	4043	0	0	false
10	6	413	343	7094	4043	0	0	false
10	7	405	364	8031	4026	0	0	false
10	8	410	347	8016	4045	0	0	false
10	9	425	360	803	4068	0	0	false
11	0	401	323	8021	4043	0	0	true
11	1	411	344	805	4043	0	0	false
11	2	428	347	709	4061	0	0	false
11	3	413	334	7088	4043	0	0	false
11	4	399	333	8006	4043	0	0	false
11	5	389	360	8053	4043	0	0	false
11	6	411	335	8034	4043	0	0	false
11	7	401	357	8033	4029	0	0	false
11	8	408	339	7094	4045	0	0	false
11	9	425	351	8062	4064	0	0	false
12	0	399	315	8021	4043	0	0	true
12	1	409	336	7087	4043	0	0	false
12	2	428	339	8047	4057	0	0	false
12	3	411	326	8059	4043	0	0	false
12	4	396	325	8021	4043	0	0	false
12	5	387	352	8007	4043	0	0	false
12	6	408	327	7082	4043	0	0	false
12	7	398	349	8025	4031	0	0	false
12	8	406	331	7081	4044	0	0	false
12	9	424	343	8017	4061	0	0	false
13	0	396	307	8021	4043	0	0	true
13	1	407	328	8062	4043	0	0	false
13	2	426	330	8061	4054	0	0	false
13	3	409	318	8024	4043	0	0	false
13	4	394	317	7082	4043	0	0	false
13	5	385	344	8033	4043	0	0	false
13	6	406	320	7085	4043	0	0	false
13	7	394	341	709	4032	0	0	false
13	8	404	324	7095	4044	0	0	false
13	9	424	335	8016	4059	0	0	false
14	0	394	299	8021	4043	0	0	true
14	1	405	320	8053	4043	0	0	false
14	2	425	322	8003	4052	0	0	false
14	3	406	310	8057	4043	0	0	false
14	4	392	310	8059	4043	0	0	false
14	5	382	336	8018	4043	0	0	false
14	6	404	312	8002	4043	0	0	false
14	7	391	334	8034	4034	0	0	false
14	8	402	316	7099	4044	0	0	false
14	9	423	327	8021	4056	0	0	false
15	0	392	294	8021	4043	0	0	true
15	1	402	312	8033	4043	0	0	false
15	2	423	314	8047	4051	0	0	false
15	3	404	302	8031	4043	0	0	false
15	4	390	302	709	4043	0	0	false
15	5	380	328	7089	4043	0	0	false
15	6	402	304	8018	4043	0	0	false
15	7	388	326	8041	4035	0	0	false
15	8	400	309	7094	4044	0	0	false
15	9	421	318	7091	4055	0	0	false
16	0	392	294	8021	4043	0	0	true
16	1	400	304	8038	1029	0	0	false
16	2	422	306	8052	4051	0	0	false
16	3	402	294	8036	4043	0	0	false
16	4	388	294	8052	1029	0	0	false
16	5	378	320	8047	4043	0	0	false
16	6	400	296	8023	1029	0	0	false
16	7	385	318	806	4035	0	0	false
16	8	398	301	8048	4044	0	0	false
16	9	420	311	8023	4055	0	0	false
17	0	392	294	8021	4043	0	0	true
17	1	402	312	803	4043	0	0	false
17	2	420	297	7082	4051	0	0	false
17	3	400	286	7089	1029	0	0	false
17	4	390	302	8046	4043	0	0	false
17	5	376	312	8061	1029	0	0	false
17	6	402	304	7085	4043	0	0	false
17	7	382	310	802	4035	0	0	false
17	8	395	293	7082	4044	0	0	false
17	9	419	303	7083	4055	0	0	false
18	0	392	294	8021	4043	0	0	true
18	1	400	304	8023	1029	0	0	false
18	2	418	290	7092	4051	0	0	false
18	3	402	293	7098	4043	0	0	false
18	4	388	294	7096	1029	0	0	false
18	5	378	320	7085	4043	0	0	false
18	6	400	297	7081	1029	0	0	false
18	7	379	303	806	4035	0	0	false
18	8	393	285	8021	4044	0	0	false
18	9	417	295	7082	4055	0	0	false
19	0	392	294	8021	4043	0	0	true
19	1	402	312	7097	4043	0	0	false
19	2	417	282	803	4051	0	0	false
19	3	399	286	8007	1029	0	0	false
19	4	390	302	7097	4043	0	0	false
19	5	376	313	8056	1029	0	0	false
19	6	402	304	8014	4043	0	0	false
19	7	376	295	8059	4035	0	0	false
19	8	391	277	8038	4044	0	0	false
19	9	416	287	8013	4055	0	0	false
20	0	392	294	8021	4043	0	0	true
20	1	400	304	8055	1029	0	0	false
20	2	415	274	8017	1037	0	0	false
20	3	402	293	8031	4043	0	0	false
20	4	388	294	8024	1029	0	0	false
20	5	378	321	7096	4043	0	0	false
20	6	400	296	7087	1029	0	0	false
20	7	373	287	8003	4035	0	0	false
20	8	389	269	8057	103	0	0	false
20	9	415	279	8042	4055	0	0	false
21	0	387	302	10	2015	0	0	true
21	1	402	312	905	4033	0	0	false
21	2	417	282	10015	2092	0	0	false
21	3	399	285	9086	2065	0	0	false
21	4	390	302	9078	0077	0	0	false
21	5	376	313	10023	5089	0	0	false
21	6	402	304	10006	3074	0	0	false
21	7	370	279	10009	1029	0	0	false
21	8	391	278	9096	1099	0	0	false
21	9	413	271	9073	2064	0	0	false
22	0	381	310	10	2015	0	0	true
22	1	399	303	9088	3075	0	0	false
22	2	407	284	10011	208	0	0	false
22	3	391	290	9051	2042	0	0	false
22	4	397	309	9085	2085	0	0	false
22	5	386	310	9081	6012	0	0	false
22	6	393	298	10012	2092	0	0	false
22	7	373	289	9065	1042	0	0	false
22	8	387	287	9073	2003	0	0	false
22	9	405	275	9088	2057	0	0	false
23	0	376	319	10	2015	0	0	true
23	1	391	298	9088	2065	0	0	false
23	2	397	287	9079	2069	0	0	false
23	3	384	296	10003	203	0	0	false
23	4	387	312	9075	2023	0	0	false
23	5	395	308	10041	0056	0	0	false
23	6	384	301	9064	2035	0	0	false
23	7	375	298	1001	1055	0	0	false
23	8	383	295	10017	2006	0	0	false
23	9	397	281	1002	2051	0	0	false
24	0	370	327	10	2015	0	0	true
24	1	382	302	9064	2021	0	0	false
24	2	388	292	9092	2059	0	0	false
24	3	377	304	10007	2023	0	0	false
24	4	381	319	10041	2016	0	0	false
24	5	404	313	9073	2009	0	0	false
24	6	377	307	9058	202	0	0	false
24	7	375	309	9084	1066	0	0	false
24	8	378	304	9064	2008	0	0	false
24	9	388	287	10018	2046	0	0	false
25	0	365	335	10	2015	0	0	true
25	1	376	310	906	2016	0	0	false
25	2	380	297	9058	2051	0	0	false
25	3	371	312	10025	2019	0	0	false
25	4	376	328	10006	2015	0	0	false
25	5	399	322	9097	2015	0	0	false
25	6	371	315	10025	2017	0	0	false
25	7	374	318	10035	1075	0	0	false
25	8	373	313	9087	201	0	0	false
25	9	380	293	9051	2041	0	0	false
26	0	359	344	10	2015	0	0	true
26	1	371	318	10044	2015	0	0	false
26	2	372	303	10022	2044	0	0	false
26	3	365	320	10038	2017	0	0	false
26	4	370	336	10001	2015	0	0	false
26	5	394	330	10031	2015	0	0	false
26	6	365	324	9074	2016	0	0	false
26	7	372	329	10028	1083	0	0	false
26	8	368	321	10024	2011	0	0	false
26	9	373	300	10019	2037	0	0	false
27	0	354	352	10	2015	0	0	true
27	1	365	327	9062	2015	0	0	false
27	2	364	309	10023	2039	0	0	false
27	3	359	329	9068	2016	0	0	false
27	4	365	345	10032	2015	0	0	false
27	5	388	339	9072	2015	0	0	false
27	6	360	332	10015	2015	0	0	false
27	7	369	338	908	109	0	0	false
27	8	363	330	10038	2012	0	0	false
27	9	366	307	9099	2034	0	0	false
28	0	348	360	10	2015	0	0	true
28	1	360	335	9095	2015	0	0	false
28	2	357	316	10038	2034	0	0	false
28	3	353	337	9075	2016	0	0	false
28	4	359	353	9069	2015	0	0	false
28	5	383	347	9089	2015	0	0	false
28	6	354	340	10046	2015	0	0	false
28	7	366	348	9076	1095	0	0	false
28	8	358	339	9096	2013	0	0	false
28	9	359	314	9069	2031	0	0	false
29	0	343	369	10	2015	0	0	true
29	1	354	343	10016	2015	0	0	false
29	2	350	324	9076	2031	0	0	false
29	3	348	345	9076	2016	0	0	false
29	4	354	361	9081	2015	0	0	false
29	5	377	355	9082	2015	0	0	false
29	6	349	349	905	2015	0	0	false
29	7	363	357	10042	1099	0	0	false
29	8	352	347	10007	2014	0	0	false
29	9	353	321	9072	2029	0	0	false
30	0	337	377	10	2015	0	0	true
30	1	349	352	9068	2015	0	0	false
30	2	343	331	9079	2028	0	0	false
30	3	343	353	9074	2015	0	0	false
30	4	348	370	9071	2015	0	0	false
30	5	372	363	10001	2015	0	0	false
30	6	343	357	9078	2015	0	0	false
30	7	358	366	10	2002	0	0	false
30	8	347	356	10006	2014	0	0	false
30	9	346	328	10041	2027	0	0	false
31	0	332	385	10	2015	0	0	true
31	1	344	360	10034	2015	0	0	false
31	2	337	338	9089	2025	0	0	false
31	3	337	361	10008	2015	0	0	false
31	4	343	378	9053	2015	0	0	false
31	5	366	372	10031	2015	0	0	false
31	6	338	365	9075	2015	0	0	false
31	7	354	375	9086	2005	0	0	false
31	8	342	364	9058	2014	0	0	false
31	9	340	336	9053	2025	0	0	false
32	0	326	394	10	2015	0	0	true
32	1	338	368	9096	2015	0	0	false
32	2	331	346	10	2023	0	0	false
32	3	332	370	10023	2015	0	0	false
32	4	338	386	10	2015	0	0	false
32	5	361	380	9051	2015	0	0	false
32	6	333	373	9099	2015	0	0	false
32	7	350	384	10013	2007	0	0	false
32	8	336	372	10045	2015	0	0	false
32	9	334	344	9095	2023	0	0	false
33	0	321	402	10	2015	0	0	true
33	1	332	377	10037	2015	0	0	false
33	2	324	354	907	2022	0	0	false
33	3	326	378	10036	2015	0	0	false
33	4	332	394	9084	2015	0	0	false
33	5	355	388	9086	2015	0	0	false
33	6	327	382	10024	2015	0	0	false
33	7	345	393	9071	2009	0	0	false
33	8	331	381	1002	2015	0	0	false
33	9	327	352	10004	2022	0	0	false
34	0	315	410	10	2015	0	0	true
34	1	327	385	10004	2015	0	0	false
34	2	319	362	10018	202	0	0	false
34	3	320	387	9076	2015	0	0	false
34	4	327	402	10031	2015	0	0	false
34	5	350	397	10017	2015	0	0	false
34	6	322	390	10002	2015	0	0	false
34	7	340	401	9057	201	0	0	false
34	8	325	390	10034	2015	0	0	false
34	9	321	360	9091	2021	0	0	false
35	0	310	419	10	2015	0	0	true
35	1	321	394	10009	2015	0	0	false
35	2	313	370	9052	2019	0	0	false
35	3	315	395	10036	2015	0	0	false
35	4	321	411	10018	2015	0	0	false
35	5	344	405	10016	2015	0	0	false
35	6	316	399	9075	2015	0	0	false
35	7	335	410	10033	2011	0	0	false
35	8	319	398	1002	2015	0	0	false
35	9	315	367	10037	202	0	0	false
36	0	310	419	10	2015	0	0	true
36	1	316	402	10011	2015	0	0	false
36	2	307	378	10008	2019	0	0	false
36	3	309	404	9071	2015	0	0	false
36	4	315	419	9053	2015	0	0	false
36	5	339	414	10021	2015	0	0	false
36	6	311	407	10024	2015	0	0	false
36	7	330	418	10032	2011	0	0	false
36	8	314	407	9061	2015	0	0	false
36	9	309	376	1002	202	0	0	false
37	0	310	419	10	2015	0	0	true
37	1	310	411	10022	5029	0	0	false
37	2	301	386	905	2019	0	0	false
37	3	304	412	10027	2015	0	0	false
37	4	310	427	10023	5029	0	0	false
37	5	333	422	9078	5029	0	0	false
37	6	305	415	1001	5029	0	0	false
37	7	324	427	9091	2011	0	0	false
37	8	309	415	10002	2015	0	0	false
37	9	303	384	9057	202	0	0	false
38	0	310	419	10	2015	0	0	true
38	1	316	402	1002	2015	0	0	false
38	2	296	393	9063	2019	0	0	false
38	3	298	420	9093	503	0	0	false
38	4	316	419	10047	2015	0	0	false
38	5	339	414	9088	2015	0	0	false
38	6	311	407	9075	2015	0	0	false
38	7	319	436	10033	2011	0	0	false
38	8	303	423	10002	2015	0	0	false
38	9	298	392	9083	202	0	0	false
39	0	310	419	10	2015	0	0	true
39	1	310	411	9093	5029	0	0	false
39	2	290	401	10042	2019	0	0	false
39	3	304	412	10017	2015	0	0	false
39	4	310	428	10035	5029	0	0	false
39	5	333	422	909	5029	0	0	false
39	6	305	415	9056	5029	0	0	false
39	7	314	445	9088	2011	0	0	false
39	8	298	432	9096	2015	0	0	false
39	9	292	400	9052	202	0	0	false
40	0	310	419	10	2015	0	0	true
40	1	315	402	10034	2015	0	0	false
40	2	284	410	10024	2019	0	0	false
40	3	298	420	1001	503	0	0	false
40	4	316	419	9083	2015	0	0	false
40	5	339	414	907	2015	0	0	false
40	6	311	407	9093	2015	0	0	false
40	7	309	453	9067	5025	0	0	false
40	8	292	440	1004	5029	0	0	false
40	9	286	407	9052	202	0	0	false
